4096
0 728.13 774.12
0.244141 52.72 495.85
0.488281 958.82 754.65
0.732422 463.03 986.46
0.976562 666.06 242.73
1.2207 542.18 338.94
1.46484 405.56 335.83
1.70898 120.89 670.88
1.95312 47.1 302.48
2.19727 915.05 893.28
2.44141 139.79 444.92
2.68555 837.16 503.78
2.92969 560 515.24
3.17383 720.31 506.37
3.41797 710.7 555.78
3.66211 493.42 20.06
3.90625 679.44 438.84
4.15039 193.49 546.15
4.39453 696.13 638.26
4.63867 44.51 820.04
4.88281 322.5 362.19
5.12695 698.02 750.22
5.37109 421.1 728.06
5.61523 194.06 982.43
5.85938 39.23 631.72
6.10352 240.16 109.12
6.34766 612.9 179.02
6.5918 694.27 77.33
6.83594 583.7 336.42
7.08008 892.2 578.1
7.32422 761.69 294.41
7.56836 896.77 549.15
7.8125 95.3 604.65
8.05664 242.91 253.78
8.30078 237.34 954.95
8.54492 317.14 450.95
8.78906 201.17 559.85
9.0332 451.43 178.68
9.27734 324.63 785.79
9.52148 417.51 645.5
9.76562 918.14 363.86
10.0098 706.41 657.67
10.2539 898.52 694.56
10.498 30.98 564.2
10.7422 305.82 482.23
10.9863 940.16 86.7
11.2305 635.85 231.03
11.4746 835.68 836.93
11.7188 254.23 731.15
11.9629 686.1 242.12
12.207 693.07 491.57
12.4512 51.42 166.76
12.6953 508.96 894.24
12.9395 680.03 502.86
13.1836 311.88 997.11
13.4277 524.5 261.06
13.6719 82.25 230.02
13.916 924.58 230.91
14.1602 958.63 980.78
14.4043 463.01 955.56
14.6484 42.26 427.97
14.8926 659.01 566.69
15.1367 403.62 678.12
15.3809 572.79 494.69
15.625 900.33 657.85
15.8691 149.42 422.42
16.1133 752.7 593.4
16.3574 651.16 364.37
16.6016 30.75 425.19
16.8457 422.3 494.71
17.0898 755.77 342.63
17.334 572.65 946.8
17.5781 341.23 1.55
17.8223 982.33 660.75
18.0664 616.31 299.86
18.3105 727.84 608.86
18.5547 175.55 658.57
18.7988 500.21 550.37
19.043 45.06 742.69
19.2871 400.54 236.53
19.5312 658.95 945.4
19.7754 702.32 713.48
20.0195 241.37 575.17
20.2637 0.36 353.49
20.5078 848.2 272.12
20.752 778.27 422.67
20.9961 532.99 767.5
21.2402 769.05 350.92
21.4844 11.67 874.23
21.7285 174.09 751.38
21.9727 523.76 791.5
22.2168 613.6 65.45
22.4609 615.82 862.83
22.7051 605.52 113.81
22.9492 350.34 824.41
23.1934 933.33 169.58
23.4375 883.06 172.81
23.6816 747.99 635.65
23.9258 152.66 287.96
24.1699 560.08 911.87
24.4141 334.54 164.39
24.6582 931.89 338.36
24.9023 852.8 867.54
25.1465 741.77 864.46
25.3906 779.36 28
25.6348 819.5 79.38
25.8789 308.36 303.12
26.123 165.95 433.1
26.3672 546.92 87.7
26.6113 912.11 771.47
26.8555 104.57 60.78
27.0996 397.12 8.96
27.3438 808.14 987.63
27.5879 439.11 145.11
27.832 56.98 960.8
28.0762 288.71 162.72
28.3203 501.08 555.05
28.5645 586.11 220.6
28.8086 85.06 517.4
29.0527 545.4 491.4
29.2969 734.3 864.42
29.541 331.06 528.43
29.7852 961.53 42.66
30.0293 130.37 660.53
30.2734 595.52 671.97
30.5176 896.28 206
30.7617 214.97 700.09
31.0059 851.25 293.4
31.25 602.03 23.11
31.4941 147.43 290.36
31.7383 453.08 822.53
31.9824 541.1 436.15
32.2266 656.75 117.68
32.4707 635.09 127.21
32.7148 782.13 905.34
32.959 933.28 344.01
33.2031 872.44 516.44
33.4473 559.1 427.87
33.6914 88.4 997.5
33.9355 832.99 852.99
34.1797 59 683.93
34.4238 384.02 729.27
34.668 186.19 273.97
34.9121 297.08 235.27
35.1562 689.16 788.22
35.4004 774.28 444.51
35.6445 880.66 142.24
35.8887 259.93 315.38
36.1328 606.12 700.94
36.377 769.8 58.54
36.6211 566.07 388.25
36.8652 904.69 703.08
37.1094 130.95 602.04
37.3535 599.54 627.32
37.5977 480.31 382.88
37.8418 66.81 596.05
38.0859 325.33 539.31
38.3301 813.28 614.35
38.5742 13.15 511.52
38.8184 463.27 273.88
39.0625 718.4 702.31
39.3066 844.55 401.07
39.5508 716.45 762.58
39.7949 627.04 268
40.0391 326.54 322.57
40.2832 874.35 396.84
40.5273 99.93 56.14
40.7715 658.18 779.04
41.0156 569.88 394.4
41.2598 940.8 421.24
41.5039 17.29 50.2
41.748 589.51 171.13
41.9922 949.01 342.62
42.2363 17.67 566.32
42.4805 840.2 962.16
42.7246 827.99 644.46
42.9688 45.53 722.12
43.2129 484.71 836.06
43.457 104.07 925.5
43.7012 411.6 275.27
43.9453 672.12 594.13
44.1895 650.27 285.95
44.4336 228.51 935.57
44.6777 493.49 471.97
44.9219 893.21 798.4
45.166 848.6 434.3
45.4102 605.43 910.51
45.6543 416.65 601.63
45.8984 167.95 554.44
46.1426 680.12 434.32
46.3867 242.3 171.68
46.6309 893.8 508.11
46.875 344.18 451.35
47.1191 376.86 542.03
47.3633 817.31 611.77
47.6074 205.9 788.46
47.8516 237.93 489.43
48.0957 588.52 19.7
48.3398 491.67 629.96
48.584 428.36 82.01
48.8281 516.31 384.89
49.0723 458.92 440.48
49.3164 42.12 285.27
49.5605 3.23 875.57
49.8047 473.42 373.59
50.0488 545.27 683.36
50.293 354.99 715.72
50.5371 167.08 439.08
50.7812 144.63 699.17
51.0254 474.46 707.46
51.2695 659.44 961.94
51.5137 614.89 680.37
51.7578 863.59 897.37
52.002 690.85 203.41
52.2461 448.95 355.26
52.4902 903.67 119.22
52.7344 559.7 128.78
52.9785 577.57 362.59
53.2227 238.17 765.34
53.4668 302.46 580.81
53.7109 427.69 875.11
53.9551 590.83 847.73
54.1992 450.33 782.68
54.4434 645.38 921.43
54.6875 792.41 594.97
54.9316 720.43 283.36
55.1758 963.73 451.85
55.4199 512.74 335.33
55.6641 702.26 990.84
55.9082 509.63 203.6
56.1523 486.34 314.73
56.3965 443.52 413.3
56.6406 939.42 209.56
56.8848 974.91 21.09
57.1289 765.42 341.11
57.373 216.22 440.89
57.6172 288.62 193.11
57.8613 139.32 970.57
58.1055 55.53 738.96
58.3496 497.45 948.22
58.5938 231.58 847.94
58.8379 299.8 217.88
59.082 716.73 358.84
59.3262 349.68 976.06
59.5703 343.18 582.52
59.8145 897.25 859.31
60.0586 436.14 829.52
60.3027 39.09 340.77
60.5469 525.39 375.56
60.791 880.19 177.52
61.0352 618.41 290.81
61.2793 647.45 96.41
61.5234 230.5 70.55
61.7676 809.51 786.77
62.0117 898.51 286.03
62.2559 133.98 470.48
62.5 688.37 293.61
62.7441 652.45 597.3
62.9883 736.88 568.62
63.2324 151.14 165.66
63.4766 24.97 80.07
63.7207 909.59 48.4
63.9648 552.69 624.63
64.209 163.71 112.2
64.4531 453.24 78.08
64.6973 532.42 43.9
64.9414 303.83 71.65
65.1855 142.21 179.87
65.4297 130.16 534.34
65.6738 983.89 115.24
65.918 585.73 192.19
66.1621 485.8 117.87
66.4062 878.69 437.62
66.6504 6.24 138.26
66.8945 303.92 615.58
67.1387 695.65 157.39
67.3828 369.31 492.41
67.627 280.57 768.76
67.8711 880.97 922
68.1152 163.61 444.28
68.3594 651.71 497.73
68.6035 569.39 859.55
68.8477 39.42 955.54
69.0918 653.4 875.12
69.3359 990.36 333.1
69.5801 525.29 637.3
69.8242 918.69 739.61
70.0684 177.23 11.09
70.3125 312.87 797.39
70.5566 576.49 183.48
70.8008 504.39 780.31
71.0449 436.25 272.14
71.2891 204.42 37.22
71.5332 122.74 716.82
71.7773 161.1 248.91
72.0215 746.65 449.87
72.2656 309.42 976.33
72.5098 95.4 479.56
72.7539 354.68 512.36
72.998 845.46 748.8
73.2422 549.62 508.56
73.4863 248.18 534.27
73.7305 545.37 631.84
73.9746 592.75 588.93
74.2188 935.93 21.76
74.4629 802.08 169.24
74.707 604.9 440.32
74.9512 641.06 238.33
75.1953 118.67 809.32
75.4395 221.76 763.81
75.6836 213.68 443.29
75.9277 419.63 968.41
76.1719 447.97 523.11
76.416 35.47 515.03
76.6602 427.35 966.17
76.9043 474.73 44.46
77.1484 578.73 140.5
77.3926 772.34 722.91
77.6367 311.85 287.62
77.8809 472.91 365.09
78.125 697.85 247.78
78.3691 851.63 274.99
78.6133 676.84 302.75
78.8574 275.59 492.69
79.1016 420.02 959.03
79.3457 402.32 497.35
79.5898 465.76 633.71
79.834 156.82 821.95
80.0781 500.5 77.25
80.3223 43.42 355.81
80.5664 400.27 91.38
80.8105 231.88 518.16
81.0547 404.59 142.53
81.2988 593.67 167.74
81.543 532.83 879.96
81.7871 291.27 66.58
82.0312 505.09 394.2
82.2754 696.95 142.9
82.5195 799.11 345.45
82.7637 304.48 972.54
83.0078 469.9 219.14
83.252 852.85 706.81
83.4961 692.28 99.18
83.7402 176.44 173.19
83.9844 692.52 356.31
84.2285 447.69 383.38
84.4727 901.54 256.32
84.7168 398.85 679.57
84.9609 847.31 469.66
85.2051 349.62 992.52
85.4492 222.63 543.66
85.6934 101.38 640.89
85.9375 783.79 727.72
86.1816 73.18 798.33
86.4258 934.39 746.43
86.6699 129.09 377.66
86.9141 247.99 404.29
87.1582 667 981.94
87.4023 318.65 103.8
87.6465 460.11 843.44
87.8906 226.82 11.17
88.1348 267.49 907.8
88.3789 750.89 291.89
88.623 761.55 829.86
88.8672 985.91 761.72
89.1113 468.9 111.17
89.3555 915.59 208.54
89.5996 99.78 570.28
89.8438 532.13 699.38
90.0879 609.33 172.96
90.332 714.15 466.52
90.5762 870.82 738.42
90.8203 883.88 962.14
91.0645 65.94 701.34
91.3086 544.78 202.53
91.5527 377.23 689.57
91.7969 760.89 935.12
92.041 390.53 808.24
92.2852 638.11 511.78
92.5293 437.02 315.6
92.7734 590.3 787.54
93.0176 996.08 69.44
93.2617 639.72 505.89
93.5059 368.79 95.86
93.75 432.35 171.85
93.9941 801.9 978.13
94.2383 880.07 146.5
94.4824 272.16 836.24
94.7266 537.58 763.96
94.9707 130.01 501.63
95.2148 191.2 245.88
95.459 181 507.24
95.7031 479.01 115.62
95.9473 627.4 735.06
96.1914 50.66 280.64
96.4355 68.18 227.95
96.6797 297.39 640.96
96.9238 146.85 227.78
97.168 487.16 100.64
97.4121 436.01 679.17
97.6562 657.3 919.51
97.9004 229.53 237.91
98.1445 74.15 537.37
98.3887 464.85 501.7
98.6328 166.85 611.73
98.877 857.61 594.87
99.1211 265.63 521.57
99.3652 637.19 202.14
99.6094 937.2 744.64
99.8535 188.8 428.12
100.098 656.07 151.38
100.342 955.87 256.98
100.586 484.76 116.98
100.83 217.62 102.72
101.074 945.41 971.93
101.318 54.96 653.64
101.562 891.55 602.71
101.807 303.61 284.5
102.051 949.72 129.23
102.295 740.96 768.46
102.539 526.85 280.09
102.783 801.66 762.1
103.027 127.76 956.01
103.271 864.17 438.86
103.516 30.5 228.48
103.76 379.86 52.98
104.004 309.96 850.09
104.248 967.07 335.73
104.492 601.98 958.25
104.736 93.7 348.22
104.98 1.86 547.39
105.225 313.63 148.66
105.469 596.68 56.93
105.713 186.16 780.76
105.957 712.74 546.4
106.201 826.49 90.65
106.445 16.27 239.6
106.689 359.13 791.68
106.934 230.54 144.03
107.178 372.51 223.3
107.422 276.28 424.56
107.666 274.65 915.89
107.91 251.63 749.77
108.154 871.54 405.24
108.398 753.46 17.13
108.643 728.04 965.24
108.887 113.9 918.84
109.131 975.78 41.67
109.375 822.43 710.59
109.619 420.51 325.46
109.863 416.11 698.7
110.107 938.3 247.01
110.352 38.69 595.9
110.596 739.93 460.95
110.84 684.25 432.75
111.084 20.83 275.96
111.328 191.86 124.06
111.572 37.35 295.48
111.816 864.24 607.01
112.061 787.66 908.89
112.305 874.13 617.71
112.549 536.55 515.7
112.793 720.9 151.55
113.037 862.14 675.85
113.281 1.32 706.85
113.525 405.55 282.66
113.77 693.19 417.43
114.014 176.86 507.37
114.258 968.32 895.4
114.502 491.67 916.79
114.746 356.28 816.1
114.99 103.68 512.5
115.234 971.5 711.66
115.479 482.19 141.03
115.723 213.44 835.74
115.967 616.97 269.85
116.211 949.07 87.57
116.455 239.12 317.05
116.699 992.9 833.49
116.943 540.35 264.79
117.188 710.97 994.22
117.432 575.18 109.42
117.676 616.8 567.68
117.92 463.08 752.04
118.164 832.35 748.64
118.408 728.26 118.27
118.652 794.29 188.63
118.896 63.81 831.94
119.141 136.49 929.31
119.385 765.05 546
119.629 979.37 349.93
119.873 601.02 545.55
120.117 862.6 928.45
120.361 761.94 3.67
120.605 431.98 19.02
120.85 13.25 465.81
121.094 575.24 142.95
121.338 874.15 751.95
121.582 667.51 355.56
121.826 104.2 337.23
122.07 619.02 499.86
122.314 852.02 832.47
122.559 827.93 413.31
122.803 342.62 79.35
123.047 625.36 127.95
123.291 477.88 271.19
123.535 980.26 604.73
123.779 696.7 242.43
124.023 409.62 6.38
124.268 25.41 622.17
124.512 87.98 841.6
124.756 148.07 202.18
125 954.13 826.74
125.244 182.3 22.22
125.488 522.97 621.64
125.732 285.02 450.03
125.977 446.02 305.51
126.221 718.82 300.56
126.465 379.92 273.95
126.709 401.9 224.96
126.953 659.67 5.28
127.197 773.53 43.31
127.441 449.26 639.94
127.686 646.32 633.76
127.93 255.93 858.88
128.174 864 671.73
128.418 873.91 507.43
128.662 497.7 175.59
128.906 361.33 991.56
129.15 613.2 680
129.395 130.03 47.82
129.639 353.33 61.75
129.883 362.31 576.05
130.127 13.53 235.67
130.371 460.63 742.23
130.615 747.51 578.95
130.859 622.26 120.3
131.104 923.76 684.57
131.348 318.33 235.04
131.592 93.92 570.09
131.836 405.34 737.78
132.08 408.73 121.44
132.324 460.55 279.26
132.568 270.82 69.95
132.812 749.96 985.4
133.057 33.22 47.55
133.301 109.3 43.51
133.545 783.09 550.07
133.789 785.74 471.61
134.033 377.37 796.62
134.277 539.09 409.89
134.521 530.2 124.88
134.766 972.97 161.36
135.01 396.4 617.48
135.254 187.57 454.82
135.498 356.12 653.85
135.742 938.81 756.44
135.986 35.7 764.86
136.23 834.81 562.89
136.475 548.29 470.04
136.719 681.11 748.29
136.963 955.33 581.52
137.207 131.59 953.93
137.451 589.07 738.42
137.695 698.56 80.86
137.939 490.75 966.44
138.184 254.84 237.65
138.428 562.53 184.47
138.672 801.96 227.82
138.916 682.64 122.46
139.16 776.31 153.05
139.404 909.49 38.77
139.648 967.15 878.64
139.893 441.53 108.71
140.137 578.76 965.48
140.381 713.78 989.83
140.625 734.87 423.39
140.869 377.33 832.63
141.113 571.05 29.98
141.357 110.84 966.4
141.602 932.84 433.13
141.846 834.3 601.6
142.09 786.07 187.68
142.334 579.02 396.84
142.578 519.3 751.55
142.822 904.61 425.19
143.066 627.48 459.13
143.311 337.77 814.1
143.555 922.82 594.63
143.799 723.63 942.83
144.043 932.66 665.1
144.287 88.49 600.93
144.531 433.56 831.05
144.775 861.03 465.82
145.02 595.74 168.13
145.264 601.26 971.88
145.508 737 692.1
145.752 43.31 599.09
145.996 995.93 686.59
146.24 438.15 622.33
146.484 211.04 678.75
146.729 301.4 342.76
146.973 156.86 838.52
147.217 596.67 639.17
147.461 745.52 79.68
147.705 744.78 320.31
147.949 921.24 678.18
148.193 509.23 996.8
148.438 626.14 518.33
148.682 686.46 533.79
148.926 505.67 221.89
149.17 77.51 451.25
149.414 50.34 406.19
149.658 92.78 120.82
149.902 906.68 46.27
150.146 888.54 530.93
150.391 873.69 281.24
150.635 119.77 189.94
150.879 992.63 30.56
151.123 273.76 716.44
151.367 200.27 738.16
151.611 579.86 182.07
151.855 178.87 285.04
152.1 803.37 252.62
152.344 786.41 805.01
152.588 190.42 489.83
152.832 941.08 455.6
153.076 861.79 431.46
153.32 552.28 154.94
153.564 364.73 954.57
153.809 485.51 622.48
154.053 903.73 253.27
154.297 606.73 522.72
154.541 553.28 187.02
154.785 903.46 599.37
155.029 501.05 990.57
155.273 172.64 267.26
155.518 552.3 80.91
155.762 333.53 515.03
156.006 320.04 355.67
156.25 9.02 119.94
156.494 739.06 673.99
156.738 105.45 113.63
156.982 268.57 600.85
157.227 555.43 821.25
157.471 607.26 633.31
157.715 50.1 204.46
157.959 727.18 674.51
158.203 861.53 656.84
158.447 256.21 443.99
158.691 434.56 928.51
158.936 195.77 920.78
159.18 1.69 770.72
159.424 285.75 748.07
159.668 267.26 498.75
159.912 782.21 769.31
160.156 606.82 276.29
160.4 389.92 521.28
160.645 122.13 712.27
160.889 697.05 658.49
161.133 455.32 841.08
161.377 209.06 467.83
161.621 142.34 505.43
161.865 162.27 99.77
162.109 543.76 3.87
162.354 95.9 582
162.598 502.78 141.84
162.842 912.56 291.68
163.086 203.27 667.99
163.33 166.74 361.83
163.574 131.14 470.54
163.818 910.35 948.96
164.062 633.76 737.97
164.307 613.76 300.27
164.551 122.28 755.89
164.795 760.5 474.33
165.039 942.16 577.61
165.283 246.56 969.56
165.527 69.33 84.5
165.771 251.89 572.35
166.016 154.35 776.61
166.26 918.45 511.32
166.504 966.52 820.65
166.748 652.16 994.53
166.992 356.36 169.79
167.236 803.85 982.43
167.48 931.39 651.03
167.725 552.52 877.72
167.969 177.99 565.15
168.213 484.56 329.8
168.457 804.14 463.8
168.701 204.93 408.58
168.945 541.67 909.82
169.189 157.85 451.49
169.434 23.84 774.52
169.678 714.66 573.26
169.922 84.58 341.71
170.166 325.88 633.11
170.41 791.17 51.1
170.654 220.9 141.56
170.898 123.99 311.05
171.143 962.08 188.27
171.387 66 55.38
171.631 784.05 678.12
171.875 7.93 407.51
172.119 871.31 432.14
172.363 4.24 812.07
172.607 721.89 239.76
172.852 691.25 545.91
173.096 483.96 879.74
173.34 453.01 878.61
173.584 383.84 198.62
173.828 995.25 701.11
174.072 752.22 873.24
174.316 14.81 786.42
174.561 97.48 136.64
174.805 324.91 138.8
175.049 357.71 223.08
175.293 901.21 554.43
175.537 125.47 305.28
175.781 737.42 909.14
176.025 884.73 996.78
176.27 400.07 905.19
176.514 451.1 770.14
176.758 813.41 91.32
177.002 133.46 98.58
177.246 297.2 429.94
177.49 131.05 517.3
177.734 554.07 292.46
177.979 78.88 883.27
178.223 19.91 568.88
178.467 707.68 339.88
178.711 726.49 508.35
178.955 226.3 65.39
179.199 370.68 627.7
179.443 700.36 351.77
179.688 512.08 271.62
179.932 176.81 585.09
180.176 518.75 912.15
180.42 166.99 791.44
180.664 890.02 332.16
180.908 762.1 463.97
181.152 144.8 187.23
181.396 643.21 893.16
181.641 939.95 698.87
181.885 267.75 885.61
182.129 225.5 123.39
182.373 631.74 975.43
182.617 204.35 115.51
182.861 743.21 21.56
183.105 373.34 738.55
183.35 173.69 607.09
183.594 355.7 885.42
183.838 961.09 350.51
184.082 305.47 874.45
184.326 206.62 128.08
184.57 592.06 195.49
184.814 546.24 968.72
185.059 25.4 736.86
185.303 599.25 189.45
185.547 238.59 128.88
185.791 252.27 867
186.035 5.95 464.09
186.279 743.12 47.53
186.523 69.09 373.82
186.768 112.37 486.33
187.012 256.94 605.95
187.256 491.37 286.07
187.5 800.1 612.64
187.744 487.09 615.98
187.988 744.07 105.57
188.232 464.58 693.71
188.477 825.96 499.65
188.721 400.03 10.83
188.965 363.8 14.88
189.209 143.76 999.28
189.453 29.8 602.39
189.697 230 559.55
189.941 607.08 35.75
190.186 409.58 973.12
190.43 622.97 839.7
190.674 445.65 685.47
190.918 971.54 879.91
191.162 656.07 937.03
191.406 716.53 771.64
191.65 40.73 143.17
191.895 0.4 460.6
192.139 123.77 505.32
192.383 679.67 989.88
192.627 168.29 687.32
192.871 850.12 43.47
193.115 809.39 312.05
193.359 35.13 879.92
193.604 915.68 39.39
193.848 176.04 642.21
194.092 481.91 488.78
194.336 174.25 962.53
194.58 842.45 927.57
194.824 28.12 309.32
195.068 244.48 498.52
195.312 805.21 744.65
195.557 368.78 285.22
195.801 954.06 969.14
196.045 959.02 656.07
196.289 343.4 633.73
196.533 677.2 127.31
196.777 602.89 193.52
197.021 73.45 650.11
197.266 689.51 638.02
197.51 443.75 152.65
197.754 641.43 29.07
197.998 991.6 925.67
198.242 16.76 979.2
198.486 288.52 997.57
198.73 659.62 44.88
198.975 953.05 533.01
199.219 981.75 464.83
199.463 433.97 485.35
199.707 141.43 935.81
199.951 569.54 556.52
200.195 847.35 648.35
200.439 841.87 410.26
200.684 60.38 450.24
200.928 251.78 78.84
201.172 395.01 913.41
201.416 942.48 695.54
201.66 784.73 36.44
201.904 15.65 97.6
202.148 95.18 801.49
202.393 9.89 467.69
202.637 0.7 754.8
202.881 383.15 126.46
203.125 611.82 982.45
203.369 81.78 980.65
203.613 537.17 753.25
203.857 401.6 651.32
204.102 61.59 548.04
204.346 998.29 406.99
204.59 485.84 285.49
204.834 198.9 413.59
205.078 272.65 880.85
205.322 80.82 304.9
205.566 402.5 57.38
205.811 22.39 259.99
206.055 727.68 661.2
206.299 579.52 195.8
206.543 322.27 891.91
206.787 37.88 126.2
207.031 106.85 97.61
207.275 850.86 119.67
207.52 934.51 807.54
207.764 355.58 415.98
208.008 822.97 159.62
208.252 445.11 517.39
208.496 930.99 472.33
208.74 516.71 644.01
208.984 112.43 367.16
209.229 424.55 761.05
209.473 21.04 678.46
209.717 339.66 610.46
209.961 969.79 912.24
210.205 967.67 82.71
210.449 208.91 455.58
210.693 553.19 169.08
210.938 452.27 479.28
211.182 450.34 404.05
211.426 983.55 386.78
211.67 546.41 805.92
211.914 486.84 970.04
212.158 442.38 991.52
212.402 799.06 581.35
212.646 948.51 122.61
212.891 883.66 911.49
213.135 753.47 536.58
213.379 147.05 68.22
213.623 143.98 256.66
213.867 339.37 280.36
214.111 735.94 275.18
214.355 444.26 711.8
214.6 191.08 289.13
214.844 856.7 896.53
215.088 446.83 641.42
215.332 610.86 840.25
215.576 810.29 993.24
215.82 148.29 97.7
216.064 842.57 416.19
216.309 702.32 947.35
216.553 22.36 791.09
216.797 327.67 749.5
217.041 981.24 775.84
217.285 32.5 638.24
217.529 918.6 288.75
217.773 563.93 535.39
218.018 247.19 654.54
218.262 943.67 171.71
218.506 231.76 601.79
218.75 406.73 963.89
218.994 804.14 678.59
219.238 835.36 17.59
219.482 278.82 777.96
219.727 357.67 983.65
219.971 931 121.39
220.215 76 223.52
220.459 973.02 116.88
220.703 56.24 403.68
220.947 205.44 117.79
221.191 406.54 88.74
221.436 624.13 124.05
221.68 942.11 133.99
221.924 469.22 34.84
222.168 636.63 49.31
222.412 13.2 700.98
222.656 379.57 206.88
222.9 224.48 980.87
223.145 922.35 214.93
223.389 198.58 666.82
223.633 951.73 280.02
223.877 667.06 293.1
224.121 573.51 27.74
224.365 594.94 803.61
224.609 921.4 629.75
224.854 882.02 800.38
225.098 87.95 491.46
225.342 788.97 506.15
225.586 704.52 30.07
225.83 79.38 258.19
226.074 959.17 504.67
226.318 711.56 256.1
226.562 236.97 502.26
226.807 717.2 99.56
227.051 766.38 159.32
227.295 602.87 79.3
227.539 535.93 881.63
227.783 909.37 269.93
228.027 73.54 272.96
228.271 902.71 667.83
228.516 631.74 158.46
228.76 813.44 784.73
229.004 454.41 719.69
229.248 913.28 602.41
229.492 860.6 158.93
229.736 663.6 992.66
229.98 412.29 819.77
230.225 322.04 375.16
230.469 638.24 649.26
230.713 972.11 202.76
230.957 445.58 404.62
231.201 449.78 574.98
231.445 8.43 145.03
231.689 417.99 359.15
231.934 190.51 245.5
232.178 403.96 320.71
232.422 105.44 822.25
232.666 541.94 217.41
232.91 819.82 723.37
233.154 882.3 455.23
233.398 611.41 843.95
233.643 663.72 709.43
233.887 248.11 23.7
234.131 836.49 149.28
234.375 352.04 886.36
234.619 454.5 808.6
234.863 547.1 797.63
235.107 942.66 904.28
235.352 426.96 555.53
235.596 801.03 524.18
235.84 844.89 617.47
236.084 439.72 368.52
236.328 749.45 113.85
236.572 837.23 145.18
236.816 763.93 732.79
237.061 576.74 883.05
237.305 756 538.87
237.549 726.09 240.47
237.793 553.27 4.12
238.037 54 562.58
238.281 534.7 905.32
238.525 866.47 508.5
238.77 576.31 81.8
239.014 637.34 972.65
239.258 496.83 3.27
239.502 784.26 601.89
239.746 970.41 505.24
239.99 619.1 387.5
240.234 696.2 719.86
240.479 616.18 619.85
240.723 666.42 460.14
240.967 162.53 192.92
241.211 596.91 422.43
241.455 590.07 888.62
241.699 614.73 150.19
241.943 219.03 644.07
242.188 316.09 149.43
242.432 394.76 85.5
242.676 221.67 892.4
242.92 59.19 195.62
243.164 797.51 882.03
243.408 387.27 843.45
243.652 230.95 931.45
243.896 814.83 169.89
244.141 953.26 927.16
244.385 550.82 431.01
244.629 787.46 619.69
244.873 205.64 713.35
245.117 765.49 384.37
245.361 698.08 795.71
245.605 603.3 380.22
245.85 693.18 917.11
246.094 166.13 919.39
246.338 975.32 251.46
246.582 447.08 387.81
246.826 433.36 34.51
247.07 41.49 408.11
247.314 503.08 820.63
247.559 154.05 435.96
247.803 363.12 317.92
248.047 912.45 107.31
248.291 890.52 77.46
248.535 790.81 863.43
248.779 411.33 96.16
249.023 891.87 719.83
249.268 100.05 109.41
249.512 26.53 495.17
249.756 578.09 956.75
250 208.21 356.18
250.244 907.51 553.41
250.488 751.44 655.29
250.732 226.93 340.87
250.977 325.03 792.93
251.221 228.9 730.01
251.465 211.45 479.08
251.709 749.91 755.54
251.953 833.01 287.43
252.197 150.86 640.44
252.441 736.6 787.34
252.686 507.17 562.19
252.93 835.13 792
253.174 287.17 770.75
253.418 727.5 25.18
253.662 381.36 28.78
253.906 582.19 935.72
254.15 754.53 288.88
254.395 793.27 333.64
254.639 126.57 981.46
254.883 711.48 118.3
255.127 597.38 518.99
255.371 274.54 922.93
255.615 373.88 347.3
255.859 151.26 107.55
256.104 58.41 524.75
256.348 250.46 887.86
256.592 679.86 565.59
256.836 336.34 85.59
257.08 274.29 130.56
257.324 322.86 227.36
257.568 163.08 655.66
257.812 108.06 905.06
258.057 402.22 917.62
258.301 899.08 901.33
258.545 19.64 692.31
258.789 211.31 774.08
259.033 860.54 780.54
259.277 291.36 649.37
259.521 920.44 234.42
259.766 922.69 442.62
260.01 494.01 978.85
260.254 707.96 336.68
260.498 585.79 337.39
260.742 631.47 207.82
260.986 435.19 860.09
261.23 515.75 954.34
261.475 22.92 598.27
261.719 679.41 787.33
261.963 688.66 425.14
262.207 280.97 742.02
262.451 516.1 871.82
262.695 815.89 655.8
262.939 305.17 376.64
263.184 774.59 270.77
263.428 713.4 225.61
263.672 204.47 697.28
263.916 197.48 370.93
264.16 708.32 912.43
264.404 120.26 783.28
264.648 643.37 503.32
264.893 457.66 718.97
265.137 317.24 322.64
265.381 109.97 644.1
265.625 232.76 160.18
265.869 902.2 962.15
266.113 997.5 513.73
266.357 333.06 418.3
266.602 958.47 813.39
266.846 84.16 638.23
267.09 863.85 733.06
267.334 593.86 961.08
267.578 495.53 231.84
267.822 307.79 791.35
268.066 574.63 203.86
268.311 707.18 591.57
268.555 310.54 381.52
268.799 704.16 328.36
269.043 972.46 791.31
269.287 951.49 814.13
269.531 776.28 368.74
269.775 882.47 17.21
270.02 435.51 773.78
270.264 750.69 215.53
270.508 17.29 557.5
270.752 290.56 998.38
270.996 959.46 44.66
271.24 440.02 47.95
271.484 2.82 455
271.729 822.38 747.81
271.973 502.91 740.97
272.217 122.49 693.08
272.461 184.96 976.97
272.705 931.8 826.65
272.949 640.78 320.94
273.193 689.68 46.81
273.438 64.02 580.58
273.682 517.89 572.15
273.926 951.21 663.06
274.17 220.56 268.58
274.414 266.96 968.5
274.658 13.16 674.65
274.902 886.12 389.95
275.146 844.95 453.18
275.391 364.51 888.94
275.635 629.91 830.85
275.879 523.93 30.94
276.123 7.92 915.92
276.367 742.57 708.89
276.611 29.83 939.72
276.855 150.06 546.87
277.1 290.97 883.03
277.344 455.18 214.08
277.588 877.14 808.86
277.832 77.45 569.91
278.076 701.93 261.23
278.32 935.88 507.93
278.564 897.88 878.61
278.809 495.31 822
279.053 874.46 742.83
279.297 737.2 859.83
279.541 54.29 667.89
279.785 583.81 261.13
280.029 133.54 62.21
280.273 165.46 489.9
280.518 36.77 326.89
280.762 209.92 315.52
281.006 693.12 327.74
281.25 300.13 828.63
281.494 398.54 570.27
281.738 831.5 377.58
281.982 885.51 100.48
282.227 142.61 930.9
282.471 916.42 783.4
282.715 689.75 637.93
282.959 661.28 790.88
283.203 458.77 426.96
283.447 851.61 715.57
283.691 777.79 206.1
283.936 696 985.16
284.18 475.57 106.77
284.424 585.81 732.77
284.668 224.03 849.02
284.912 677.65 278.93
285.156 849.2 524.16
285.4 65.26 239.71
285.645 503.71 844.22
285.889 938.64 114.3
286.133 61.22 646.33
286.377 284.26 855.06
286.621 809.46 914.49
286.865 341.45 945.54
287.109 824.63 268.23
287.354 637.85 356.59
287.598 505.27 602.42
287.842 872.71 333.85
288.086 230.14 980.84
288.33 829.86 458.52
288.574 737.46 454.18
288.818 141.86 671.03
289.062 910.75 750.18
289.307 757.93 370.65
289.551 648.47 577.98
289.795 224.31 696.57
290.039 551.64 709.69
290.283 624.18 672.09
290.527 781.15 524.62
290.771 792.86 129.16
291.016 649.27 605.79
291.26 371.73 594.23
291.504 928.09 154.54
291.748 298.9 244.45
291.992 866.49 158.23
292.236 775.93 292.29
292.48 963.32 603.95
292.725 517.66 81.32
292.969 451.97 37.59
293.213 615.58 275.59
293.457 972.16 100.44
293.701 973.65 3.41
293.945 839.03 687.32
294.189 211.95 761.35
294.434 54.03 620.18
294.678 389.49 168.33
294.922 762.56 703.3
295.166 857.84 761.23
295.41 169.2 690.65
295.654 12.41 320.27
295.898 612.56 35.69
296.143 803.17 788.34
296.387 869.66 739.4
296.631 777 320.83
296.875 759.94 485.15
297.119 585.59 556.1
297.363 723.03 732.1
297.607 582.95 722.76
297.852 484.12 562.06
298.096 345.77 794.9
298.34 126.75 701.67
298.584 404.98 735.26
298.828 496.49 889.31
299.072 743.49 426.34
299.316 746.61 829.21
299.561 28.43 755.9
299.805 707.76 359.17
300.049 98.58 831.6
300.293 315.95 577.43
300.537 62.58 39.1
300.781 758.72 75.89
301.025 971.51 811.7
301.27 534.46 481.75
301.514 43.82 717.98
301.758 676.4 182.1
302.002 883.78 553.11
302.246 288.37 803.15
302.49 855.99 452.28
302.734 878.62 948.39
302.979 777.6 599.48
303.223 518.9 625.24
303.467 147.93 806.03
303.711 801.15 390.18
303.955 967.61 410.03
304.199 449.13 280.62
304.443 520.03 193.72
304.688 5.42 207.85
304.932 853.13 655.07
305.176 373.05 703.4
305.42 49.03 896.95
305.664 613.58 49.46
305.908 852.61 96.33
306.152 548.61 901.95
306.396 13.86 872.12
306.641 635.12 590.75
306.885 215.99 791.47
307.129 761.02 154.02
307.373 544.21 527.45
307.617 937.48 725.7
307.861 169.84 675.34
308.105 869.06 550.14
308.35 921.51 689.88
308.594 344.95 38
308.838 904.93 774.64
309.082 835.11 881.52
309.326 930.98 117.48
309.57 213.81 448.69
309.814 350.65 947.12
310.059 819.24 762.42
310.303 353.17 528.03
310.547 319.5 454.37
310.791 771.91 732.69
311.035 423.66 244.05
311.279 133.27 479.64
311.523 318.51 524.66
311.768 74.8 303.11
312.012 992.99 187.57
312.256 389.1 996.32
312.5 770.96 501.46
312.744 382.99 457.55
312.988 575.03 769.6
313.232 218.29 477.49
313.477 424.61 788.84
313.721 714.78 732.46
313.965 260.5 243.86
314.209 861.75 231.47
314.453 127.68 743.52
314.697 151.09 797.18
314.941 276.83 551.34
315.186 76.01 284.36
315.43 587.48 595.34
315.674 946.43 314.33
315.918 310.65 743.99
316.162 408.98 499.05
316.406 956.6 245.14
316.65 14.74 791.97
316.895 269.46 531.63
317.139 483.99 233.03
317.383 129.02 857.6
317.627 264.98 362.29
317.871 593.77 389.52
318.115 133.04 126.73
318.359 923.91 721.45
318.604 436.32 284.14
318.848 732.02 364.26
319.092 959.6 512.33
319.336 826.66 483.02
319.58 390.54 69.56
319.824 568.61 300.84
320.068 709.5 799.52
320.312 755.01 688.74
320.557 383.89 724.24
320.801 120.79 24.47
321.045 45.59 867.89
321.289 393.7 413.33
321.533 802.85 310.57
321.777 600.82 987.47
322.021 872.45 99.42
322.266 547.08 524.74
322.51 52.52 472.29
322.754 148.14 279.1
322.998 762.13 175.65
323.242 245.21 138.32
323.486 439.16 152.67
323.73 115.71 977.34
323.975 666.08 148.66
324.219 36.42 870.72
324.463 58.71 213.5
324.707 244.91 320.74
324.951 734.07 104.31
325.195 414.88 638.61
325.439 789.61 700.45
325.684 963.39 15.71
325.928 703.97 662.06
326.172 134.35 510.47
326.416 789.57 920.01
326.66 95.66 282.49
326.904 420.81 715.22
327.148 31.41 340.87
327.393 481.74 23.5
327.637 335.68 147.12
327.881 181.36 311.34
328.125 524.84 535.63
328.369 19.89 240.08
328.613 344.39 769.75
328.857 408.37 917.48
329.102 617.93 922.79
329.346 102.02 197.98
329.59 23.56 581.32
329.834 255.31 969.51
330.078 889.53 321.43
330.322 767.44 208.41
330.566 923.63 985.19
330.811 489.59 351.77
331.055 375.27 118.57
331.299 429.21 971.33
331.543 282.67 874.48
331.787 410.11 610.58
332.031 14.18 971.04
332.275 740.79 593.52
332.52 511 522.09
332.764 444.88 149.16
333.008 510.66 292.46
333.252 37.3 710.43
333.496 679.94 534.22
333.74 855.65 292.62
333.984 501.03 732.99
334.229 718.19 623.09
334.473 974.87 588.18
334.717 870.27 371.3
334.961 506.15 513.66
335.205 388.14 299.49
335.449 73.59 788.82
335.693 759.86 961.77
335.938 555.29 87.77
336.182 609.86 664.18
336.426 813.34 229.82
336.67 522.28 218.26
336.914 928.69 324.01
337.158 21.75 559.58
337.402 15.72 772.16
337.646 505.15 40.93
337.891 827.54 680.27
338.135 268.46 386.86
338.379 758.16 802.41
338.623 479.6 302.25
338.867 765.26 264.31
339.111 216.66 31.26
339.355 993.04 838.85
339.6 926.62 140.04
339.844 804.22 711.85
340.088 105.19 700
340.332 918.27 781.09
340.576 268.62 627.47
340.82 350.58 10.48
341.064 782.64 290.37
341.309 494.82 366.3
341.553 210.1 287.8
341.797 674.66 322.37
342.041 124.78 642.08
342.285 944.33 596.35
342.529 860.66 767.9
342.773 799.17 709.6
343.018 548.45 240.84
343.262 380.89 955.73
343.506 831.1 638.6
343.75 502.12 348.63
343.994 129.72 936.3
344.238 727.29 420.39
344.482 430.88 398.34
344.727 852.24 77.87
344.971 607.7 377.04
345.215 828.36 347.06
345.459 669.43 817.8
345.703 623.4 666.55
345.947 262.9 957.74
346.191 725.64 567.73
346.436 440.85 287.08
346.68 527.93 688.33
346.924 807.58 152.83
347.168 954.95 908.82
347.412 420.97 638.69
347.656 738.51 457.07
347.9 877.47 550.7
348.145 112.56 465.8
348.389 707.2 471.87
348.633 12.43 964.8
348.877 475.39 314.9
349.121 296.22 840.8
349.365 507.35 308.34
349.609 266.08 919.62
349.854 650.87 933.77
350.098 220.85 155.25
350.342 7.1 255.25
350.586 408.08 748.78
350.83 821.12 814.69
351.074 616.9 363.03
351.318 820.1 242.1
351.562 956.32 518.93
351.807 984.73 861.09
352.051 496.48 68.88
352.295 197.21 691.93
352.539 170.35 508.92
352.783 513.24 836.12
353.027 144.46 630.09
353.271 713.23 20.59
353.516 954.36 410.55
353.76 729.32 527.63
354.004 782.88 338.73
354.248 87.52 899.94
354.492 714.63 190.96
354.736 717.51 72.16
354.98 477.78 495.05
355.225 13.98 537.61
355.469 562.23 434.1
355.713 666.51 162.24
355.957 17.69 222.23
356.201 894.67 863.72
356.445 699.84 188.05
356.689 981.66 407.91
356.934 592.02 7.82
357.178 581.89 694.9
357.422 386.05 546.38
357.666 885.12 311.21
357.91 211.16 168.93
358.154 523.41 136.16
358.398 371.84 89.31
358.643 747.89 240.92
358.887 942.05 849.63
359.131 283.73 761.87
359.375 87.63 504.28
359.619 726.52 950.24
359.863 977.48 105.33
360.107 293.38 621.19
360.352 192.63 840.84
360.596 848.67 438.56
360.84 296.98 784.65
361.084 494.56 430.56
361.328 905.3 683.03
361.572 851.96 379.68
361.816 679.36 279.98
362.061 369.29 375.37
362.305 616.29 51.2
362.549 900.83 280.7
362.793 42.58 721.87
363.037 226.15 348.09
363.281 461.85 130.21
363.525 235.54 116.19
363.77 900.91 439.34
364.014 443.7 692.44
364.258 131.01 257.06
364.502 41.71 292.37
364.746 886.46 427.99
364.99 274.55 536.27
365.234 79.47 791.76
365.479 71.74 126.51
365.723 665.41 758.83
365.967 973.56 604.55
366.211 885.26 445.22
366.455 167.09 37.91
366.699 386 91.36
366.943 385.09 556.77
367.188 836.48 11.38
367.432 614.24 784.16
367.676 640.12 737.39
367.92 994.45 57.94
368.164 513.84 771.13
368.408 362.65 199.69
368.652 735.96 400.3
368.896 355.58 637.2
369.141 927.23 815.44
369.385 737.79 590.84
369.629 195.39 592.64
369.873 37.87 874.87
370.117 912.79 244.17
370.361 499.05 368.48
370.605 925.25 462.31
370.85 473.69 884.15
371.094 668.31 761.74
371.338 662.65 251.45
371.582 309.4 308.43
371.826 243.09 820.63
372.07 20.32 823.24
372.314 387.06 769.26
372.559 569.98 919.8
372.803 898.76 906.16
373.047 497 497.21
373.291 253.38 636.56
373.535 674.95 855.91
373.779 100.09 454.77
374.023 823.25 751.26
374.268 213.58 599.14
374.512 646.81 912.03
374.756 837.29 850.79
375 102.25 478.64
375.244 950.6 499.94
375.488 320.57 575.17
375.732 561.93 193.69
375.977 126.47 504.41
376.221 424.22 112.51
376.465 18.67 859.97
376.709 357.18 322.98
376.953 123.06 515.67
377.197 371.58 774.08
377.441 392.37 798.02
377.686 549.28 635.19
377.93 234.34 379.15
378.174 291.18 926.38
378.418 940.7 44.67
378.662 523.32 128.47
378.906 791.93 206.47
379.15 945.16 473.92
379.395 831.13 112.51
379.639 780.44 507.09
379.883 619.6 957.6
380.127 817.57 204.66
380.371 691.17 638.27
380.615 317.46 338.27
380.859 275.88 814.23
381.104 775.77 689.04
381.348 324.24 668.25
381.592 47.4 488.58
381.836 578.48 722.1
382.08 766.77 338.58
382.324 630.57 519.18
382.568 889.17 290.09
382.812 927.53 422.51
383.057 698.54 834.33
383.301 341.42 758.66
383.545 716.26 478.98
383.789 847.17 124.54
384.033 926.33 697.35
384.277 199.15 538.34
384.521 516.09 407.31
384.766 96.36 475.03
385.01 143.28 455.39
385.254 943.97 584.12
385.498 469.74 190.69
385.742 692.79 685.97
385.986 368.68 236.51
386.23 690.13 486.89
386.475 909.4 257.85
386.719 92.19 617.66
386.963 539.85 771.46
387.207 250.44 597.13
387.451 885.2 419.63
387.695 116.99 261.13
387.939 962.99 975.05
388.184 382.37 479.66
388.428 954.69 642.61
388.672 98 642.25
388.916 226.37 261.49
389.16 615.7 205.49
389.404 891.46 859.63
389.648 259.66 308.5
389.893 795.39 260.14
390.137 681.52 949.79
390.381 730.98 868.31
390.625 639.77 937.23
390.869 697.88 434.35
391.113 853.98 53.73
391.357 478.39 583.08
391.602 721.66 970.97
391.846 614.15 441.38
392.09 83.99 104.03
392.334 746.28 568.84
392.578 830.34 345.51
392.822 551 136.17
393.066 995.8 446.04
393.311 918.06 442.47
393.555 866.13 418.98
393.799 532.3 876.97
394.043 908.8 547.65
394.287 484.88 263.28
394.531 697.63 712.09
394.775 765.83 182.77
395.02 929.37 715.13
395.264 849.63 407.74
395.508 849.12 651.03
395.752 918.58 463.78
395.996 32.63 96.64
396.24 442.15 664.86
396.484 964.55 26.49
396.729 636.05 156.68
396.973 762.67 123.87
397.217 542.86 717.64
397.461 594.61 628.8
397.705 176.46 75.16
397.949 501.96 503.42
398.193 215.51 824.86
398.438 171.15 363.11
398.682 78.24 144.86
398.926 716.12 100.53
399.17 915.08 927.87
399.414 391.66 728.77
399.658 825.41 833.67
399.902 662.05 587.81
400.146 777.82 431.08
400.391 587.76 626.61
400.635 914 413.87
400.879 131.51 350.43
401.123 142.76 456.86
401.367 695.54 889.65
401.611 556.59 482.74
401.855 307.6 197.5
402.1 560.61 935.62
402.344 244.01 642.28
402.588 742.81 802.38
402.832 893.77 960.13
403.076 688.9 821.41
403.32 655.08 448.95
403.564 36.76 677.83
403.809 272.44 317.14
404.053 943.75 978.1
404.297 555.5 23.72
404.541 374.16 21.27
404.785 478.14 687.01
405.029 740.18 680.44
405.273 163.18 173.68
405.518 534.71 296.77
405.762 395.92 634.3
406.006 276.58 258.84
406.25 61.22 639.93
406.494 600.06 182.91
406.738 4.33 955
406.982 403.95 288.97
407.227 130.32 822.93
407.471 140.07 604.24
407.715 745.86 402.76
407.959 426.49 247.34
408.203 268.62 301.36
408.447 988.38 964.17
408.691 644.61 746.76
408.936 83.96 892.08
409.18 352.38 971.31
409.424 605.61 618.67
409.668 877.52 748.3
409.912 388.23 45.72
410.156 392.15 102.26
410.4 57.26 988.29
410.645 440.78 560
410.889 382.94 624.74
411.133 392.5 571.11
411.377 137.39 523.01
411.621 933.88 138.36
411.865 439.73 563.88
412.109 528.05 202.5
412.354 112.78 591.63
412.598 483.71 336.18
412.842 307.49 196.74
413.086 978.94 836.09
413.33 747.91 76.63
413.574 285.87 19.98
413.818 122.24 136.14
414.062 287.96 678.02
414.307 238.03 343.03
414.551 131.29 728.74
414.795 463.37 620.97
415.039 307.5 523.79
415.283 825.67 600.77
415.527 328.17 241.38
415.771 443.88 428.92
416.016 20.55 856.23
416.26 355.93 720.18
416.504 80.45 667.79
416.748 667.4 663.43
416.992 903.58 59.39
417.236 242.89 415.32
417.48 714.98 189.45
417.725 867.47 365.13
417.969 708.16 2.94
418.213 895.21 269.02
418.457 53.51 2.97
418.701 526.76 358.58
418.945 122.87 361.02
419.189 602.4 515.96
419.434 944.88 614.57
419.678 634.32 209.81
419.922 93.51 128.96
420.166 960.27 990.25
420.41 653.68 173.96
420.654 396.87 791.19
420.898 370.03 557.26
421.143 910.23 639.76
421.387 168.42 85.02
421.631 251.48 777.71
421.875 46.73 40.1
422.119 43.08 146.69
422.363 668.8 100.25
422.607 624.79 733.36
422.852 249.32 955.19
423.096 569.76 390.71
423.34 764.04 357.73
423.584 486.69 204.08
423.828 194.34 857.56
424.072 195.04 610.48
424.316 401.67 11.54
424.561 732.33 591.92
424.805 395.2 935.23
425.049 183.77 642.56
425.293 583.79 563.62
425.537 603.73 435.25
425.781 745.47 794.05
426.025 57.82 646.81
426.27 380.17 414.27
426.514 369.46 682.61
426.758 236.84 793.02
427.002 150.75 939.23
427.246 306.83 0.89
427.49 858.45 800.96
427.734 411.44 501.17
427.979 676.24 53.49
428.223 808.93 976.63
428.467 911.86 408.57
428.711 214.65 204.14
428.955 931.28 95.63
429.199 694.41 798.45
429.443 756.02 698.53
429.688 345.34 439.88
429.932 17.67 813.84
430.176 659.97 889.04
430.42 682.06 387.13
430.664 489.88 896.81
430.908 897.7 996.33
431.152 797.29 796.72
431.396 461.41 919.67
431.641 136.69 208.73
431.885 185.36 301.17
432.129 873.26 945.62
432.373 313.28 260.75
432.617 519.9 87.92
432.861 49.89 244.57
433.105 943.1 214.31
433.35 817.71 805.91
433.594 783.27 451.97
433.838 504.53 835.38
434.082 386.04 443.24
434.326 340.05 350.11
434.57 346.44 875.92
434.814 836.16 401.28
435.059 320.95 143.73
435.303 515.98 461.1
435.547 762.27 457.64
435.791 566.79 864.86
436.035 125.61 635.54
436.279 886.98 880.07
436.523 288.16 645.52
436.768 23.35 936.87
437.012 906.3 394.79
437.256 846.76 4.59
437.5 3.49 689.57
437.744 132.81 514.81
437.988 864.92 389.53
438.232 428.98 636.38
438.477 37.66 211.36
438.721 518.61 265.14
438.965 889.76 358.62
439.209 979.78 34.59
439.453 899.45 815.56
439.697 451.1 546.57
439.941 590.17 188.59
440.186 997.63 501.6
440.43 601.99 878.33
440.674 273.12 184.5
440.918 189.09 508.29
441.162 197.86 283.4
441.406 798.21 192.59
441.65 745.64 494.19
441.895 130.57 663.13
442.139 38.01 174.62
442.383 603.29 168.24
442.627 690.38 720.14
442.871 754.73 493.05
443.115 308.61 670.16
443.359 380.26 817.71
443.604 6.3 923.23
443.848 588.35 970.43
444.092 12.28 167.45
444.336 351.95 190.34
444.58 698.63 448.93
444.824 732.33 704.57
445.068 60.68 60.01
445.312 554.2 694.07
445.557 520.72 806.32
445.801 980.95 684.78
446.045 16.54 558.74
446.289 442.4 584.24
446.533 77.29 706.92
446.777 540.6 197.14
447.021 178.37 549.43
447.266 636.18 920.86
447.51 54.81 348.19
447.754 515.64 224.54
447.998 414.88 67.1
448.242 516.03 31.11
448.486 735.68 113.52
448.73 173.53 411.88
448.975 105.95 796.36
449.219 602.69 891.26
449.463 576.04 790.2
449.707 512.46 583.64
449.951 331.4 756.1
450.195 463.02 954.86
450.439 315.52 572.21
450.684 121.64 3.62
450.928 88.01 493.89
451.172 842.08 921.35
451.416 145.89 142.82
451.66 209.92 521.24
451.904 552.36 560.77
452.148 837.81 889.47
452.393 464.88 288.04
452.637 247.93 174.87
452.881 66.13 570.83
453.125 524.55 850.62
453.369 597.78 805.69
453.613 561.79 37.01
453.857 991.88 929.18
454.102 501.39 188.33
454.346 355.47 307.4
454.59 964.82 786.56
454.834 707.91 443.48
455.078 586.31 970.42
455.322 491.67 853.8
455.566 578.09 959.75
455.811 12.75 207.55
456.055 659.11 579.43
456.299 917.82 477.63
456.543 211.98 907.04
456.787 921.18 147.47
457.031 116.68 736.54
457.275 937.07 518.96
457.52 611.66 678.47
457.764 30.32 928.95
458.008 399.88 113.06
458.252 899.62 385.79
458.496 829.28 528.22
458.74 498.64 771.05
458.984 788.37 579.11
459.229 702.38 153.83
459.473 524.9 529.98
459.717 109.41 715.13
459.961 192.76 184.02
460.205 254.58 190.75
460.449 338.22 404.75
460.693 304.81 175.77
460.938 858.25 454.9
461.182 296.89 241.88
461.426 334.36 633.44
461.67 746.5 327.21
461.914 713.01 897.76
462.158 425.98 809.64
462.402 744.21 705.81
462.646 284.92 88.14
462.891 405.5 532.58
463.135 62.56 150.82
463.379 865.96 930.4
463.623 277.94 335.5
463.867 526.25 222.24
464.111 790.51 696.05
464.355 871.82 864.48
464.6 482.9 95.32
464.844 500.73 893.59
465.088 527.03 779.8
465.332 107.01 835.09
465.576 732.85 437.05
465.82 410.21 983.54
466.064 689.35 322.35
466.309 574.01 154.42
466.553 687 137.79
466.797 288.62 979.51
467.041 73.44 913.09
467.285 248.59 318.1
467.529 540.34 351.38
467.773 47.43 774.84
468.018 639.32 330.86
468.262 589.7 82.77
468.506 139.89 122.23
468.75 65.55 90.43
468.994 89.04 830.44
469.238 267.5 336.08
469.482 319.63 985.41
469.727 307.76 677.71
469.971 995.66 172.5
470.215 473.82 881.78
470.459 24.81 846.18
470.703 759.27 762.44
470.947 244.06 98.25
471.191 613.16 7.86
471.436 782.71 784.4
471.68 278.78 824.11
471.924 906.89 585.55
472.168 871.3 32.01
472.412 122.44 210.3
472.656 40.74 936.85
472.9 272.94 375.01
473.145 360.42 308.24
473.389 149.48 756.09
473.633 928.59 831.71
473.877 877.01 308.66
474.121 154.84 402.41
474.365 328.37 901.82
474.609 163.6 914.12
474.854 921.98 572.43
475.098 520.36 776.76
475.342 764.39 704.69
475.586 453.77 962.66
475.83 994.67 671.28
476.074 881.58 325.07
476.318 425.45 280.64
476.562 655.65 85.85
476.807 394.09 698.39
477.051 618 179.59
477.295 11.3 707.09
477.539 15.75 546.59
477.783 112.53 888.31
478.027 953.66 170.6
478.271 248.24 440.9
478.516 176.86 280.78
478.76 221.06 170.22
479.004 38.44 697.22
479.248 659.88 985.45
479.492 656.74 492.21
479.736 980.8 818.08
479.98 98.72 701.84
480.225 951.21 406.25
480.469 268.16 754.37
480.713 97.48 345.31
480.957 215.92 886.16
481.201 596.28 108.79
481.445 160.62 395.2
481.689 729.32 708.81
481.934 313.23 277.8
482.178 558.58 977.56
482.422 311.3 490.09
482.666 350.83 779.64
482.91 765.1 513.26
483.154 168.99 174.24
483.398 992.32 585.36
483.643 450.72 149.8
483.887 556.05 91.04
484.131 8.93 401.94
484.375 910.77 987.74
484.619 873.9 269.93
484.863 378.72 290.21
485.107 685.41 470.18
485.352 178.99 702.87
485.596 980.67 578.25
485.84 719.33 492.23
486.084 145.84 539.26
486.328 482.42 30.64
486.572 543.9 496.68
486.816 670.92 411.04
487.061 159.92 712.9
487.305 26.22 826.76
487.549 81.32 610.65
487.793 176.11 745.79
488.037 733.53 253.77
488.281 523.7 250.4
488.525 540.61 770.96
488.77 404.66 902.43
489.014 768.82 389.55
489.258 131.32 747.18
489.502 402.93 749.49
489.746 452.27 850.66
489.99 44.82 548.77
490.234 208.97 934.7
490.479 509.26 752.24
490.723 465.14 879.89
490.967 870.17 669.19
491.211 443.36 654.88
491.455 400.68 951.49
491.699 368.78 782.99
491.943 33.39 297.73
492.188 232.21 892.49
492.432 958.44 737.52
492.676 290.59 636.88
492.92 384.06 727.26
493.164 640.27 421.92
493.408 436.1 786.99
493.652 335.76 92.55
493.896 190.77 480.92
494.141 233.16 544.74
494.385 588.15 700.03
494.629 532.74 861.83
494.873 516.71 621.85
495.117 573.34 976.1
495.361 759.09 80.91
495.605 542.17 942.13
495.85 998.14 956
496.094 857.05 774.38
496.338 411.26 956.58
496.582 847.36 147.64
496.826 733.08 795.32
497.07 582.31 487.63
497.314 580.18 169.18
497.559 813.62 81.6
497.803 789.86 934.47
498.047 634.51 46.79
498.291 908.62 541.53
498.535 163.38 330.77
498.779 306.88 588.85
499.023 833.29 900.25
499.268 5.9 229.49
499.512 349.02 375.46
499.756 149.84 4.04
500 124.14 206.07
500.244 517.23 561.11
500.488 519.95 971.5
500.732 622.65 413.84
500.977 746.54 265.79
501.221 510.91 202.84
501.465 300.83 560.17
501.709 770.48 300.77
501.953 842.3 98.86
502.197 429.64 842.62
502.441 431.47 5.69
502.686 905.94 736.52
502.93 129.53 264.76
503.174 640.22 911.84
503.418 79.4 478.55
503.662 848.14 953.59
503.906 678.22 203.54
504.15 338.56 528.9
504.395 106.26 198.17
504.639 627.48 961.21
504.883 327.57 852.8
505.127 576.49 138.39
505.371 439.16 628.41
505.615 727.27 346.97
505.859 189.59 281.47
506.104 450.68 156.91
506.348 56.95 784.59
506.592 212.87 520.14
506.836 595.5 186.49
507.08 828.56 16.62
507.324 970.21 674.9
507.568 41.96 840.23
507.812 532.65 811.95
508.057 10.12 380.52
508.301 341.73 638.91
508.545 655.23 801.13
508.789 939.52 669.31
509.033 461.24 231.73
509.277 742.22 378.69
509.521 823.68 188.51
509.766 345.43 95.34
510.01 43.45 437.88
510.254 958.02 565.9
510.498 752.39 256.32
510.742 272.94 717.04
510.986 391.94 744.48
511.23 584.71 406.67
511.475 218.62 597.42
511.719 977.94 117.36
511.963 919.79 392.27
512.207 193.4 483.19
512.451 152.5 575.02
512.695 970.27 132.92
512.939 675.13 613.74
513.184 965.78 712.5
513.428 807.84 662.33
513.672 263.73 474.73
513.916 40.63 14.81
514.16 271.13 221.75
514.404 102.31 793.03
514.648 701.03 707.6
514.893 114.27 657.77
515.137 255.19 449.26
515.381 730.14 496.42
515.625 888.69 233.13
515.869 716.33 649.93
516.113 224.95 245.61
516.357 542.05 32.35
516.602 809.62 195.23
516.846 71.25 217.19
517.09 43.04 938.92
517.334 413.65 42.61
517.578 57.42 306.78
517.822 692.05 454.28
518.066 410.83 328.55
518.311 199.67 794.37
518.555 452.14 111.86
518.799 724.64 313.95
519.043 973.89 707.34
519.287 103.99 454.78
519.531 104.71 862.58
519.775 271.71 983.84
520.02 16.2 493.19
520.264 851.94 813.76
520.508 30.95 989.34
520.752 928.26 923.19
520.996 129.32 237.52
521.24 544.3 341.91
521.484 959.71 186.74
521.729 678.81 236.35
521.973 194.24 370.55
522.217 645.93 878.49
522.461 355.96 646.39
522.705 517.25 370.58
522.949 825.36 493.37
523.193 519.47 621.24
523.438 605.09 93.6
523.682 586.79 791.18
523.926 604.94 784.81
524.17 774.15 602.25
524.414 688.96 799.42
524.658 36.94 865.93
524.902 207.84 818.28
525.146 5.02 744.76
525.391 981.11 331.07
525.635 701.62 847.35
525.879 889.36 175.36
526.123 985.27 511.08
526.367 881.66 245.32
526.611 738.69 502.52
526.855 123.76 870.54
527.1 964.14 258.16
527.344 212.86 892.37
527.588 677.18 714.45
527.832 316.7 817.81
528.076 780.75 451.33
528.32 317.26 5.66
528.564 987.46 817.69
528.809 562.45 688.62
529.053 19.7 992.48
529.297 3.36 707.08
529.541 45.96 884.84
529.785 395.92 892.72
530.029 301.57 31.23
530.273 533.75 441.1
530.518 311.65 203.78
530.762 625.47 821.04
531.006 713.41 439.31
531.25 153.77 838.33
531.494 819.66 554.12
531.738 168.97 633.99
531.982 803.18 600.41
532.227 581.62 649.76
532.471 338.38 790.64
532.715 946.65 307.59
532.959 14.68 521.6
533.203 569.97 950.01
533.447 6.25 60.64
533.691 255.4 129.41
533.936 570.52 307.82
534.18 675.13 952.67
534.424 937.23 45.69
534.668 648.52 300.6
534.912 302.45 814.17
535.156 368.29 965.81
535.4 599.81 122.12
535.645 886.05 537.26
535.889 187.02 566.51
536.133 520.67 467.68
536.377 775.27 688.93
536.621 374.05 467.32
536.865 580.85 953.47
537.109 177.64 107.54
537.354 236.96 750.63
537.598 221.97 433.04
537.842 549.23 971
538.086 180.21 897.1
538.33 361.22 486.47
538.574 300.64 828.73
538.818 794.55 663.68
539.062 949.32 668.93
539.307 369.71 557.88
539.551 287.91 835.37
539.795 466.57 720.26
540.039 572.71 808.58
540.283 439.43 241.85
540.527 358.84 946.76
540.771 217.83 183.8
541.016 934.43 536.48
541.26 969.52 454.79
541.504 589.31 156.41
541.748 217.03 518.76
541.992 168.75 933.04
542.236 925.29 578.26
542.48 241.94 469.39
542.725 301.84 719.84
542.969 441.24 354.78
543.213 190.15 835.07
543.457 555.33 892.67
543.701 701.26 656.73
543.945 62.1 128.04
544.189 238.33 140.69
544.434 488.01 584.46
544.678 120.95 456.16
544.922 74.47 422.45
545.166 578.86 253.99
545.41 936.27 827.3
545.654 760.34 795.89
545.898 537.67 105.02
546.143 737.93 685.63
546.387 569 779.61
546.631 297.91 39.77
546.875 874.85 173.76
547.119 66.44 488.07
547.363 308.32 593.7
547.607 885.27 767.7
547.852 71.91 533.94
548.096 118.4 123.6
548.34 743.28 559.92
548.584 145.89 402.87
548.828 656.87 981.27
549.072 808.57 888.27
549.316 684.17 756.66
549.561 861.69 732.43
549.805 581.58 385.36
550.049 328.5 599.62
550.293 802.92 150.58
550.537 487.87 626.41
550.781 278 841.29
551.025 434.99 554.31
551.27 485.53 749.84
551.514 283.78 483.78
551.758 607.38 720.96
552.002 280.88 565.71
552.246 132.1 514.18
552.49 495.45 426.78
552.734 478.57 788.97
552.979 545.64 467.54
553.223 199.97 326.26
553.467 711.63 570.85
553.711 333.99 781.56
553.955 95.66 40.13
554.199 666.54 300.43
554.443 141.72 583.53
554.688 301.36 944.55
554.932 694.39 740.24
555.176 224.02 786.89
555.42 507.85 141.7
555.664 870.93 994.93
555.908 672.63 952.26
556.152 542.56 3.03
556.396 955.53 168.09
556.641 799.15 21.13
556.885 347.4 664.69
557.129 399.06 162.65
557.373 107.73 59.03
557.617 99.16 733.05
557.861 33.49 203.39
558.105 950.45 929.22
558.35 37.29 338.73
558.594 242.49 251.81
558.838 202.23 895.21
559.082 36.91 466.52
559.326 624.97 710.08
559.57 662.34 71.36
559.814 237.91 297.6
560.059 629.21 204.9
560.303 226.04 193.44
560.547 21.65 591.89
560.791 754.54 736.96
561.035 795.99 420.71
561.279 317.29 862.27
561.523 229.18 58.67
561.768 987.89 350.78
562.012 853.03 343.15
562.256 758.49 25.19
562.5 920.4 95.53
562.744 725.57 960.72
562.988 670.8 120.83
563.232 355.71 350.54
563.477 811.66 496.67
563.721 865.09 593.62
563.965 950.59 604.4
564.209 196.29 91.13
564.453 828.09 135.76
564.697 556.48 114.35
564.941 976.62 787.6
565.186 846.27 873.77
565.43 388.07 369.32
565.674 876 997.69
565.918 186.4 241.1
566.162 336.63 634.49
566.406 595.21 270.32
566.65 554.67 225.72
566.895 576.26 429.53
567.139 89.72 910.38
567.383 667.52 551.45
567.627 155.85 954.82
567.871 45.95 781.63
568.115 917.4 515.66
568.359 630.01 37.57
568.604 988.69 637.4
568.848 674.69 606.63
569.092 139.47 998.49
569.336 996.18 62.76
569.58 467.38 15.47
569.824 813.48 346.1
570.068 616.42 967.54
570.312 193.26 572.21
570.557 165.27 171.09
570.801 244.99 933.05
571.045 484.5 254.99
571.289 209.81 912.51
571.533 857.67 640.35
571.777 319.53 419.29
572.021 620.38 775.07
572.266 575.99 949.54
572.51 719.69 609.07
572.754 607.56 250.68
572.998 476.96 859.16
573.242 38.16 767.26
573.486 276.88 944.34
573.73 911.88 851.64
573.975 587.38 893.3
574.219 227.91 268.67
574.463 201.72 752.65
574.707 7.64 636.42
574.951 712.46 686.22
575.195 490.09 217.46
575.439 800.27 570.13
575.684 508.72 809.62
575.928 759.16 420.65
576.172 29.72 84.71
576.416 335.39 478.85
576.66 501.53 800.81
576.904 731.59 812.35
577.148 920.21 539.69
577.393 554.86 172
577.637 65.3 832.1
577.881 100.77 142.24
578.125 894.89 456.74
578.369 93.16 466.01
578.613 152.23 66.05
578.857 447.03 805.62
579.102 375.75 642.32
579.346 615.46 247.3
579.59 667.95 47.99
579.834 132.7 374.62
580.078 16.99 861.2
580.322 825.53 631.61
580.566 607.48 518.52
580.811 221.74 720.64
581.055 892.64 527.7
581.299 523.32 940.12
581.543 82.36 121.47
581.787 578.21 787.61
582.031 417.14 140.77
582.275 370.34 834.89
582.52 640.52 569.37
582.764 375.21 817.38
583.008 64.68 179.79
583.252 227.79 990.67
583.496 528.81 896.16
583.74 757.36 524.01
583.984 319.15 709.32
584.229 391.36 746.41
584.473 467.05 90.15
584.717 781.37 776.62
584.961 716.74 523.22
585.205 644.69 468.21
585.449 255.82 962.62
585.693 103.39 222.9
585.938 57.79 672.96
586.182 405.85 637.26
586.426 454.64 861.83
586.67 205.15 944.58
586.914 98.77 682.84
587.158 579 596.46
587.402 283.99 791.1
587.646 500.42 499.88
587.891 246.29 603.14
588.135 693.3 55.31
588.379 831.93 876.87
588.623 400.09 474.67
588.867 942.89 548.68
589.111 511.3 44.78
589.355 431.2 362.23
589.6 198.72 778.22
589.844 415.48 652.51
590.088 514.35 768.09
590.332 712.68 33.64
590.576 716.48 883.02
590.82 479.48 811.45
591.064 602.56 459.01
591.309 958.89 763.47
591.553 530.14 266.5
591.797 321.81 368.71
592.041 245.58 386.96
592.285 25.15 153.75
592.529 702.43 809.19
592.773 853.97 131.56
593.018 657.32 377.25
593.262 155.47 448.69
593.506 101.2 856.04
593.75 787.65 734.47
593.994 768.11 779.07
594.238 662.09 500.33
594.482 475.31 648.12
594.727 107.13 305.09
594.971 68.57 241.39
595.215 507.89 229.54
595.459 598.25 762.23
595.703 149.19 993.23
595.947 146.98 7.35
596.191 816.54 174.34
596.436 305.91 12.93
596.68 390.18 670.51
596.924 119.2 963.23
597.168 982.79 709.18
597.412 443.65 383.93
597.656 163 770.44
597.9 434.3 375.29
598.145 23.41 825.1
598.389 293.71 73.13
598.633 314.52 294.06
598.877 523.6 362.28
599.121 124.51 985.93
599.365 979.16 121.86
599.609 129.21 437.22
599.854 611.57 289.66
600.098 466.11 109.28
600.342 943.31 917.48
600.586 44.23 856.3
600.83 729 62.52
601.074 609.97 190.54
601.318 960.98 336.17
601.562 711.46 772.97
601.807 761.59 558.8
602.051 795.45 734.87
602.295 28.93 55.31
602.539 581.11 109.97
602.783 259.43 716.06
603.027 837.92 869.15
603.271 306.37 238.59
603.516 691.78 130.65
603.76 403.45 917.94
604.004 998.94 157.89
604.248 177.71 346.77
604.492 572.81 206.69
604.736 397.23 906.71
604.98 242.89 182.78
605.225 955.75 521.74
605.469 80.54 117.87
605.713 852.75 880.87
605.957 99.7 876
606.201 149.49 45.2
606.445 924.78 680.81
606.689 713.48 408.92
606.934 811.04 762.7
607.178 56.88 19.86
607.422 101.32 666.34
607.666 824.23 460.33
607.91 807.1 263.79
608.154 470.48 1.95
608.398 72.18 379.91
608.643 726.21 867.72
608.887 552.98 478.59
609.131 596.47 845.49
609.375 726.36 797.04
609.619 673.04 612.74
609.863 821.46 826.06
610.107 670.39 986.06
610.352 558.5 746.25
610.596 672.47 383.88
610.84 567.26 533.06
611.084 199.4 892.87
611.328 353.21 668.58
611.572 932.37 23.64
611.816 189.11 323.83
612.061 867.27 566.38
612.305 597.62 424.81
612.549 903.41 757
612.793 602.49 150.6
613.037 947.64 663.4
613.281 276.14 328.85
613.525 318.43 784.21
613.77 933.79 97.6
614.014 7.37 152.35
614.258 699.75 492.29
614.502 25.36 679.85
614.746 572.72 267.01
614.99 99.11 224.76
615.234 411.92 89.45
615.479 576.81 195.01
615.723 761.39 764.55
615.967 352.89 607.6
616.211 364.6 522.53
616.455 673.13 419.82
616.699 83.22 967.1
616.943 459.47 784.29
617.188 732.02 522.88
617.432 620.48 941.43
617.676 93.78 665.81
617.92 158.11 627.86
618.164 471.23 793.53
618.408 224.06 346.99
618.652 735.27 43.95
618.896 133.41 323.17
619.141 518.18 310.72
619.385 238.79 873.74
619.629 481.34 443.09
619.873 965.62 591.68
620.117 11.5 845.94
620.361 976.56 802.27
620.605 586.57 94.72
620.85 617.6 436.04
621.094 377.47 318.59
621.338 984.41 401.61
621.582 192.99 471.25
621.826 428.3 306.04
622.07 816.55 664.22
622.314 871.69 652.36
622.559 139.05 551.82
622.803 26.06 168.62
623.047 42.36 820.76
623.291 263.85 264.86
623.535 856.54 523.7
623.779 533.17 393
624.023 195.27 31.57
624.268 126.29 509.73
624.512 109.29 945.36
624.756 427.48 907.42
625 472.55 486.76
625.244 121.53 575.41
625.488 881.45 829.06
625.732 493.28 713.35
625.977 529.23 861.52
626.221 576.86 528.49
626.465 697.12 668.29
626.709 489.05 602.93
626.953 31.31 903
627.197 590.23 916.42
627.441 472.94 887.85
627.686 82.94 123.4
627.93 796.65 668.22
628.174 777.1 372.76
628.418 280.18 905.95
628.662 556.23 204.58
628.906 779.99 916.25
629.15 745.31 677.77
629.395 391.12 824.96
629.639 686.48 402.11
629.883 930.6 920.36
630.127 752.17 263.35
630.371 29.8 791.24
630.615 857.77 404.74
630.859 321.16 61.11
631.104 948.96 448
631.348 734.92 794.11
631.592 625.85 195.43
631.836 568.19 695.09
632.08 601.04 402.95
632.324 607.54 848.37
632.568 928.14 320.8
632.812 998.57 387.53
633.057 212.5 673.45
633.301 239.08 553.21
633.545 473.57 62.5
633.789 325.85 333.2
634.033 124.45 389.26
634.277 794 355.65
634.521 416.76 982.22
634.766 593.74 115.17
635.01 72.8 529.25
635.254 724.68 492.18
635.498 187.27 862.17
635.742 428.64 292.87
635.986 304.76 951.84
636.23 272.64 199.7
636.475 587.24 396.42
636.719 233.39 434.73
636.963 987.94 963.26
637.207 189.28 472.47
637.451 805.67 625.04
637.695 14.3 678.66
637.939 34.31 93.64
638.184 239.38 808.31
638.428 87 614.6
638.672 307.37 833.12
638.916 325.3 323.32
639.16 349.01 195.57
639.404 651.96 676.1
639.648 627.94 777.65
639.893 977.36 120.24
640.137 516.66 64.1
640.381 498.83 728.12
640.625 854.9 750.05
640.869 222.52 650.29
641.113 275.33 44.18
641.357 722.84 191.71
641.602 285.36 453.16
641.846 424.99 920.68
642.09 535.28 524.74
642.334 357.87 511.99
642.578 998.83 6.17
642.822 201.74 846.69
643.066 686.31 347.84
643.311 125.49 17.22
643.555 137.46 314.25
643.799 541.87 102.85
644.043 994.49 817.64
644.287 567.69 204.22
644.531 854.52 849.39
644.775 893.58 953.73
645.02 145.44 293.37
645.264 910.05 779.94
645.508 700.62 594.32
645.752 119.07 335.04
645.996 10.55 399.42
646.24 569.11 640.46
646.484 650.67 9.38
646.729 357.22 770.85
646.973 951.59 336.99
647.217 814.76 482.72
647.461 749.09 89.05
647.705 906.69 356.64
647.949 724.38 743.59
648.193 756.5 637.9
648.438 755.15 578.9
648.682 35.8 650.08
648.926 593.55 64.12
649.17 658.44 945.85
649.414 444.42 294.17
649.658 857.12 777.51
649.902 581.49 454.97
650.146 464.36 426.23
650.391 360.61 232.17
650.635 569.16 821.58
650.879 467.82 312.2
651.123 401.26 383.92
651.367 904.08 380.44
651.611 287.55 471.47
651.855 272.9 628.47
652.1 370.89 44.05
652.344 857.66 28.05
652.588 92.17 570.21
652.832 516.07 451.21
653.076 908.9 750.62
653.32 691.65 960.49
653.564 415.46 766.02
653.809 355.78 273.15
654.053 668.84 43.34
654.297 864.93 716.39
654.541 28.59 238
654.785 785.44 496.27
655.029 40.23 593.37
655.273 64.85 853.05
655.518 481.52 327.78
655.762 371.84 337.75
656.006 529.32 15.93
656.25 586.15 229.5
656.494 844.23 621.5
656.738 535.64 265.74
656.982 389.75 753.13
657.227 519.16 390.81
657.471 663.96 805.21
657.715 12.08 874.94
657.959 754.85 332.8
658.203 734.32 877.01
658.447 536.8 783.44
658.691 540.34 683.29
658.936 536.34 577.04
659.18 904.82 768.71
659.424 269.98 181.38
659.668 197.31 440.18
659.912 833.2 799.3
660.156 584.32 946.98
660.4 212.72 677.43
660.645 430.57 119.96
660.889 510.78 602.47
661.133 571.21 113.25
661.377 151.71 338.26
661.621 834.59 583.29
661.865 623.82 906.56
662.109 853.52 732.43
662.354 415.72 324.14
662.598 901.18 557.38
662.842 326.09 952.06
663.086 296.96 969.53
663.33 409.71 596.07
663.574 558.9 494.28
663.818 604.78 406.44
664.062 83.87 143.22
664.307 426.71 981.03
664.551 583.5 677.96
664.795 791.21 937.49
665.039 439.27 318.23
665.283 65.04 106.44
665.527 176.52 437.38
665.771 169.82 852.38
666.016 176.53 30.05
666.26 587.43 585.54
666.504 537.61 241.23
666.748 210.76 77.05
666.992 673.12 834.57
667.236 492.37 784
667.48 353.96 232.02
667.725 538.77 260.68
667.969 241.71 437.83
668.213 115.8 965.48
668.457 66.49 988.73
668.701 306.97 70.53
668.945 176.98 669.28
669.189 106.67 535.53
669.434 387.92 353.5
669.678 547.07 276.49
669.922 862.03 727.97
670.166 969.2 298.03
670.41 375.08 563.16
670.654 561.26 343.49
670.898 291.01 211.72
671.143 443.75 217.15
671.387 477.83 644.97
671.631 246.32 146.04
671.875 275.04 719.54
672.119 871.8 362.12
672.363 596.18 341.53
672.607 174.33 342.29
672.852 877.82 936.68
673.096 453.7 281
673.34 557.49 429.26
673.584 157.23 0.78
673.828 298.81 583.05
674.072 146.21 289.96
674.316 633.45 837.41
674.561 49.13 870.99
674.805 88.15 87.98
675.049 896.47 656.4
675.293 802.44 729.5
675.537 449.05 142.79
675.781 668.44 77.48
676.025 582.53 484.37
676.27 826.66 264.62
676.514 201.3 756.87
676.758 201.39 704.48
677.002 297.27 818.52
677.246 819.3 922.41
677.49 505.46 454.5
677.734 907.98 281.63
677.979 119.04 815.19
678.223 686.19 704.95
678.467 792.93 168.18
678.711 824.58 937.86
678.955 667.36 852.92
679.199 995.72 627.03
679.443 868.03 279.93
679.688 764.3 664.16
679.932 92.3 614.09
680.176 534.48 590.96
680.42 458.97 457.12
680.664 275.64 735.87
680.908 658.28 756.24
681.152 374.26 258.47
681.396 540.1 163.74
681.641 978.94 282.25
681.885 150.72 659.15
682.129 990.85 828.65
682.373 766.51 107.18
682.617 960.1 815.43
682.861 605.98 433.87
683.105 713.81 955.82
683.35 783.5 637.54
683.594 251.63 478.11
683.838 232.6 875.8
684.082 496.44 786.11
684.326 685.5 691.57
684.57 611.33 772.09
684.814 194.08 343.79
685.059 671.05 985.59
685.303 431.36 734.18
685.547 556.85 649.99
685.791 642.16 582.09
686.035 689.27 547.7
686.279 526.66 408.67
686.523 6.07 649.37
686.768 768.72 296.16
687.012 933.7 719.88
687.256 361.51 552.22
687.5 591.55 348.85
687.744 298.48 594.11
687.988 449.2 87.99
688.232 23.6 983.99
688.477 327.78 60.53
688.721 46.13 217.68
688.965 115.39 998.83
689.209 812.35 641.01
689.453 386.62 672.24
689.697 383.47 454.51
689.941 26.71 75.89
690.186 888.79 73.65
690.43 369.81 32.78
690.674 916.18 657.51
690.918 373.25 303.52
691.162 815.89 277.69
691.406 35.33 128.32
691.65 379.84 114.38
691.895 98.37 484.53
692.139 545.07 403.44
692.383 784.65 426.15
692.627 424.98 754.72
692.871 559.25 63.56
693.115 899.32 400.85
693.359 855.37 945.88
693.604 185.29 446.31
693.848 519.96 45.6
694.092 78.38 74.08
694.336 895.11 889.78
694.58 356.82 994.56
694.824 272.25 431.89
695.068 560.21 172.71
695.312 287.09 471.1
695.557 955.64 940.05
695.801 507.02 385.46
696.045 975.13 664.23
696.289 582.47 455.19
696.533 518.75 563.64
696.777 964.49 141.72
697.021 87.6 581.59
697.266 27.91 983.38
697.51 28.98 436.42
697.754 510.5 547.87
697.998 601.17 107.36
698.242 265.44 569.14
698.486 1.03 957.99
698.73 130.71 701.22
698.975 172.32 561.24
699.219 664.82 581.32
699.463 966.79 291.48
699.707 955.71 171.84
699.951 627.03 105.44
700.195 669.08 538.18
700.439 843.43 309.3
700.684 890.89 633.58
700.928 780.48 94.55
701.172 530.97 82.32
701.416 630.2 809.47
701.66 80.35 205
701.904 774.14 231.37
702.148 352.89 345.8
702.393 210.54 775.17
702.637 499.93 483.6
702.881 228.44 382.86
703.125 674.35 328.27
703.369 500.11 358.75
703.613 464.2 793.58
703.857 495.29 290.66
704.102 599.96 133.28
704.346 930.38 338.72
704.59 433.27 654.38
704.834 736.7 710.87
705.078 683.86 127.77
705.322 332.77 530.42
705.566 925.32 927.73
705.811 437.05 106.91
706.055 45.6 278.21
706.299 925.33 647.59
706.543 30.46 709.05
706.787 37.33 153.77
707.031 512.53 868.33
707.275 661.91 700.96
707.52 991.63 976.73
707.764 273.53 157.2
708.008 659.44 755.11
708.252 573.01 367.44
708.496 78.31 256.24
708.74 384.01 309.72
708.984 3.66 925.69
709.229 853.42 880.3
709.473 987.21 928.98
709.717 207.19 290.48
709.961 101.59 196.33
710.205 905.38 296.04
710.449 449.82 295.57
710.693 163.9 106.23
710.938 807.2 125.87
711.182 266.12 989.34
711.426 310.06 798.83
711.67 717.46 539.65
711.914 907.09 969.51
712.158 225.75 290.48
712.402 763.72 148.92
712.646 238.13 773.28
712.891 653.58 930.9
713.135 859.89 255.08
713.379 709.08 804.31
713.623 0.64 230.6
713.867 526.65 810.67
714.111 106.25 69.54
714.355 175.78 139.99
714.6 429.38 270.15
714.844 423.01 146.5
715.088 108.85 695.5
715.332 398.67 733.08
715.576 866.11 826.31
715.82 280.31 469.29
716.064 781.73 91.86
716.309 28.66 207.55
716.553 138.46 19.87
716.797 438.47 845.76
717.041 650.07 998.35
717.285 392.47 147.55
717.529 958.22 814.23
717.773 883.77 82.64
718.018 386.15 64.47
718.262 498.15 223.07
718.506 533.09 815.53
718.75 511.03 84.68
718.994 817.76 641.94
719.238 631.78 909.71
719.482 542.52 683.87
719.727 939.25 912.09
719.971 283.17 324.25
720.215 507.64 131.43
720.459 977.19 421.63
720.703 583.5 946.11
720.947 93.66 627.26
721.191 441.49 975.97
721.436 222.14 51.89
721.68 279.88 488.79
721.924 875.38 608.29
722.168 423.83 941.55
722.412 26.24 408.48
722.656 213.94 98.38
722.9 171.61 7.52
723.145 691.4 9.24
723.389 84.86 714.13
723.633 201.91 794.17
723.877 925.61 368.03
724.121 789.66 709.55
724.365 655.67 902.8
724.609 693.59 373.16
724.854 512.65 749.33
725.098 964.74 298.6
725.342 787.39 734.79
725.586 343.09 408.15
725.83 513.22 826.3
726.074 398.3 930.44
726.318 192.34 539.46
726.562 710.51 775.76
726.807 785.01 527.48
727.051 405.13 565.43
727.295 359.6 869.87
727.539 237.9 607.04
727.783 316.6 285.21
728.027 351.54 27.56
728.271 564.24 972.27
728.516 885.12 45.13
728.76 343.73 76.89
729.004 811.69 13.39
729.248 421.54 294.65
729.492 284.47 318.3
729.736 412.26 934.76
729.98 637.75 846.29
730.225 622.05 768.12
730.469 295.6 511.78
730.713 77.21 407.06
730.957 276.93 700.74
731.201 307.78 436.81
731.445 885.55 678.35
731.689 705.91 787.9
731.934 923.69 400.61
732.178 445.74 270.15
732.422 347.05 972.34
732.666 985.73 952.99
732.91 411.16 322.26
733.154 804.08 407.27
733.398 505.55 859.15
733.643 705.44 216.34
733.887 984.46 306.82
734.131 818.6 327.5
734.375 898.08 443.59
734.619 144.33 895.81
734.863 496.15 175.02
735.107 853.37 615.63
735.352 567.06 545.22
735.596 945.83 722.81
735.84 156.48 490.75
736.084 463.09 555.09
736.328 671.6 667.05
736.572 989.31 448.82
736.816 19.61 82.77
737.061 941.92 956.91
737.305 173.25 688.69
737.549 995.51 810.89
737.793 138.39 321.24
738.037 764.83 814.12
738.281 873.45 36.47
738.525 375.01 909.16
738.77 688.31 369.6
739.014 914.82 391.91
739.258 278.24 255.37
739.502 746.13 24.17
739.746 579.26 434.72
739.99 265.3 372.74
740.234 985.09 250.87
740.479 497.16 418.13
740.723 375.05 168.22
740.967 856.91 602.6
741.211 413.49 548.3
741.455 869.54 852.43
741.699 830.07 715.4
741.943 751.88 797.89
742.188 707.05 867.04
742.432 400.17 290.41
742.676 845.84 558.89
742.92 814.26 478.51
743.164 502.69 124.08
743.408 722.33 723.91
743.652 260.18 245.47
743.896 496.34 987.63
744.141 405.76 245.27
744.385 413.49 157.02
744.629 759.63 780.81
744.873 492.64 433.93
745.117 449.88 173.12
745.361 888.53 525.7
745.605 323.6 443.47
745.85 310.51 803.93
746.094 257.86 194.17
746.338 753.06 710.68
746.582 189.2 103.71
746.826 227.79 567.33
747.07 454.76 855.41
747.314 100.88 950.12
747.559 101.27 714.94
747.803 123.73 597.23
748.047 754.25 507.04
748.291 451.37 537.23
748.535 134.68 677.4
748.779 850.53 944.01
749.023 469.72 584.56
749.268 28.03 902.58
749.512 706.51 956.84
749.756 151.01 502.06
750 212.75 964.37
750.244 231.6 904.08
750.488 634.93 565.47
750.732 420.88 459.4
750.977 573.04 89.69
751.221 968.16 521.76
751.465 118.99 837.84
751.709 344.88 91.89
751.953 792.64 36.77
752.197 714.17 959.77
752.441 903.79 927.32
752.686 511.88 728.22
752.93 794.32 537.03
753.174 493.87 703.43
753.418 205.5 664.35
753.662 792.25 644.88
753.906 712.48 581.77
754.15 147.24 23.85
754.395 646.77 347.41
754.639 600.63 568.12
754.883 89.88 383.34
755.127 221.18 568.79
755.371 660.68 372.4
755.615 572.69 566.06
755.859 689.35 453.33
756.104 380.65 450.38
756.348 342.13 593.14
756.592 293.69 56.06
756.836 923.01 136.45
757.08 800.81 787.56
757.324 595.97 128.51
757.568 873.8 593.06
757.812 616.91 471.97
758.057 819.39 21.04
758.301 589.16 263.69
758.545 647.03 420.02
758.789 988.81 842.57
759.033 378.49 868.21
759.277 597.79 813.01
759.521 266.34 951.18
759.766 401.56 287.14
760.01 43.81 810.52
760.254 30.1 743.69
760.498 43.67 337.5
760.742 288.59 953.11
760.986 245.15 844.48
761.23 437.54 48.08
761.475 520.05 118.95
761.719 140 217.97
761.963 481.66 502.96
762.207 86.5 892.68
762.451 898.77 292.21
762.695 323.94 75.31
762.939 51.85 277.26
763.184 228.44 921.73
763.428 372.4 318.19
763.672 292.23 793.53
763.916 700.74 579.73
764.16 80.75 322.33
764.404 275.45 744.41
764.648 588.89 369.34
764.893 580.94 684.12
765.137 803.07 189.95
765.381 407.93 264.52
765.625 767.48 106.59
765.869 162.8 53.11
766.113 345.33 853.99
766.357 92.82 61.57
766.602 338.84 669.27
766.846 754.53 144.67
767.09 626.39 567.28
767.334 524.33 126.93
767.578 870.18 918.62
767.822 404.48 225.08
768.066 133.01 950.93
768.311 320.28 843.45
768.555 527.57 721.91
768.799 75.38 64.74
769.043 329.26 494.16
769.287 764.28 483.31
769.531 536.43 260.27
769.775 114.26 927.08
770.02 152.17 45.28
770.264 714.55 370.6
770.508 678.8 491.01
770.752 221.82 469.08
770.996 759.53 468.71
771.24 387.33 746.15
771.484 134.75 629.71
771.729 580.65 955.33
771.973 798.78 267.77
772.217 153.2 64.45
772.461 292.71 326.35
772.705 984.04 228.58
772.949 875.42 621.98
773.193 882.25 748.32
773.438 675.4 575.37
773.682 620.65 160.03
773.926 694.15 991.09
774.17 482.11 498.72
774.414 967.81 536.47
774.658 5.18 867.45
774.902 777.12 890.86
775.146 684.1 392.52
775.391 511.37 911.88
775.635 343.17 428.27
775.879 492.72 310.16
776.123 636.51 659.89
776.367 51.99 785.43
776.611 570.93 784.07
776.855 532.39 927.41
777.1 666.3 616.7
777.344 940.25 371.31
777.588 362.41 286.95
777.832 785.68 634.41
778.076 170.88 8.04
778.32 875.49 917.01
778.564 971.39 176.07
778.809 732.11 652.61
779.053 728.01 655.49
779.297 247.28 243.48
779.541 717.16 234.7
779.785 894.59 740
780.029 688.96 517.2
780.273 301.27 946.59
780.518 37.52 259.89
780.762 40.12 833.67
781.006 204.98 703.83
781.25 154.3 980.37
781.494 778.3 730.91
781.738 738.95 103.5
781.982 184.03 112.71
782.227 452.3 777.96
782.471 430.58 155.43
782.715 974.44 347.93
782.959 754.93 322.11
783.203 720.34 221.73
783.447 125.25 472.1
783.691 989.3 778.45
783.936 725.04 977.73
784.18 401.15 290.57
784.424 287.76 926.09
784.668 793.44 441.27
784.912 585.16 656.27
785.156 387.18 947.74
785.4 51.25 363.47
785.645 476.18 289.66
785.889 67.62 398.8
786.133 717.75 928.48
786.377 276.41 661.72
786.621 983.84 692.2
786.865 77.45 31.34
787.109 666.96 867.7
787.354 646.15 366.22
787.598 343.96 656.26
787.842 110.36 534.72
788.086 460.81 745.11
788.33 186.38 398.12
788.574 217.91 254.25
788.818 365.51 771.54
789.062 298.53 605.1
789.307 894.76 580.28
789.551 979.09 938.23
789.795 866.71 962.38
790.039 624.11 696.84
790.283 552.56 306.64
790.527 501.51 771.47
790.771 802.69 793.53
791.016 159.76 168.47
791.26 988.26 448.84
791.504 983.56 667.24
791.748 412.35 262.14
791.992 823.78 444.37
792.236 862.14 762.25
792.48 697.31 41.7
792.725 646.8 227.66
792.969 807.94 995.85
793.213 934.08 705.08
793.457 830.98 950.55
793.701 647.4 964.32
793.945 434.48 618.61
794.189 553.6 363.48
794.434 157.02 99.51
794.678 431.51 356.29
794.922 805.14 480.3
795.166 147.54 419.77
795.41 845.43 952.22
795.654 560.12 559.89
795.898 485.66 669.21
796.143 710.91 422.26
796.387 813.44 182.97
796.631 342.34 521.23
796.875 226.31 621.39
797.119 735.46 439.95
797.363 567.79 220.82
797.607 839.43 382.86
797.852 909.87 2.27
798.096 265.31 556.56
798.34 912.85 66.89
798.584 547.19 696.82
798.828 280.11 881.51
799.072 997.26 858.25
799.316 581.66 125.54
799.561 794.75 557.38
799.805 143.16 67.32
800.049 413.81 669.19
800.293 190.42 956.61
800.537 741.52 756.16
800.781 359.63 580.26
801.025 801.08 476.98
801.27 23.37 927.42
801.514 93.21 804.03
801.758 360.59 933.24
802.002 0.13 522.04
802.246 218.86 436.97
802.49 482 710.84
802.734 569.09 662.49
802.979 788.03 479.26
803.223 200.16 314.27
803.467 381.59 746.31
803.711 415.5 343.33
803.955 299.94 795.4
804.199 715.08 769.44
804.443 349.7 41.46
804.688 518.44 238.23
804.932 329.17 150.78
805.176 118.34 705.33
805.42 638.57 585.91
805.664 107.95 478.93
805.908 79.42 802.22
806.152 513.06 326.82
806.396 152.83 724.95
806.641 367.73 245.67
806.885 559.94 104.39
807.129 850.7 567.9
807.373 74.75 105.05
807.617 63.98 429.72
807.861 199.16 374.69
808.105 579.67 942.58
808.35 180.82 548.87
808.594 863.17 261.63
808.838 966.97 509.99
809.082 95.9 981.51
809.326 623.97 605.54
809.57 407.77 367.38
809.814 857.72 866.91
810.059 591.86 84.35
810.303 493.55 10.55
810.547 114.94 123.12
810.791 854.54 217.01
811.035 322.07 129.16
811.279 722.4 929.29
811.523 467.5 549.57
811.768 492.15 921.57
812.012 633.96 210.69
812.256 472.32 672.97
812.5 346.49 660.65
812.744 642.17 602.81
812.988 371.88 605.91
813.232 973.29 429.66
813.477 296.57 943.17
813.721 191.04 831.01
813.965 5.09 51.96
814.209 338.6 684.59
814.453 901.61 120.03
814.697 412.72 193.14
814.941 285.95 387.2
815.186 936.77 135.12
815.43 220.21 916.97
815.674 127.66 428.92
815.918 265.42 17.69
816.162 678.35 763.5
816.406 529.84 775.43
816.65 544.86 484.04
816.895 913.7 901.72
817.139 8.41 518.16
817.383 512.69 373.79
817.627 589.27 199.45
817.871 884.05 681.3
818.115 964.86 91.39
818.359 448.05 949.18
818.604 499.9 377.58
818.848 512.7 734
819.092 814.49 436.67
819.336 29.11 896.44
819.58 914.13 942.15
819.824 869.18 458.05
820.068 233.48 592.48
820.312 76.52 399.02
820.557 464.26 778.35
820.801 460.03 153.74
821.045 691.06 472.67
821.289 672.12 136.24
821.533 981.07 443.85
821.777 535.25 719.69
822.021 832.39 945.93
822.266 323.51 983.3
822.51 880.83 332.29
822.754 932.48 999.73
822.998 896.17 695.32
823.242 801 125.12
823.486 583.17 973.83
823.73 566.31 670.18
823.975 232.72 980.18
824.219 922.05 806.36
824.463 123.62 696.98
824.707 333.17 545.6
824.951 845.36 814.68
825.195 422.06 168.81
825.439 52.03 826.43
825.684 772.36 957.31
825.928 104.13 884.42
826.172 380.24 259.39
826.416 422.65 148.48
826.66 843.81 476.24
826.904 601.36 482.34
827.148 456.17 808.33
827.393 478.51 348.06
827.637 491.76 22.49
827.881 992.37 874.75
828.125 571.73 413.81
828.369 959.41 115.99
828.613 94.2 68.42
828.857 237.23 968.29
829.102 794.73 516.26
829.346 473.57 289.26
829.59 337.21 730.61
829.834 153.53 741.22
830.078 889.71 880.97
830.322 357.21 576.18
830.566 58.52 897.04
830.811 705.37 122.1
831.055 470.16 678.22
831.299 864.23 347.4
831.543 222.15 961.92
831.787 539.25 856.6
832.031 972.59 957.4
832.275 25.82 662.18
832.52 630.47 230.31
832.764 746.57 426.57
833.008 715.84 588.72
833.252 319.34 383.66
833.496 124.89 216.57
833.74 97.54 472.87
833.984 212.57 14.6
834.229 75.16 454.75
834.473 576.85 434.61
834.717 112.83 780.53
834.961 127.93 210.53
835.205 335.97 977.06
835.449 833.66 513.6
835.693 634.52 875.22
835.938 700.92 969.78
836.182 200.09 823.86
836.426 250.43 331.4
836.67 83.64 946.67
836.914 330.33 129.79
837.158 346.36 402.98
837.402 39.37 618.74
837.646 796.86 607.42
837.891 62.18 415.46
838.135 850.08 872.02
838.379 652.55 802.55
838.623 176.61 962.91
838.867 939.98 944
839.111 621.12 512.58
839.355 551.33 937.16
839.6 906.94 255.64
839.844 79.5 252.25
840.088 747.17 270.56
840.332 217.23 493.46
840.576 623.25 830.82
840.82 397.32 711.08
841.064 493.35 133.14
841.309 740.56 600.22
841.553 15.68 290.21
841.797 162.24 966.26
842.041 768.82 865.76
842.285 992.2 978.31
842.529 85.84 108.95
842.773 785.05 932.18
843.018 32.86 870.48
843.262 126.13 336.38
843.506 752.16 939.81
843.75 210.37 369.15
843.994 862.61 662.85
844.238 657.19 591.12
844.482 465.72 649.39
844.727 782.53 218.04
844.971 981.78 959.07
845.215 412.81 523.09
845.459 489.36 997.46
845.703 26.75 575.05
845.947 716.88 421.7
846.191 530.65 182.47
846.436 278.17 966.24
846.68 836.73 315.7
846.924 815.61 311.03
847.168 414.36 126.38
847.412 495.53 731.29
847.656 557.66 624.73
847.9 379.37 521.67
848.145 171.06 378.38
848.389 596.42 8.62
848.633 967.69 953.59
848.877 476.68 578.2
849.121 739.18 544.02
849.365 119.07 129.56
849.609 551.26 929.45
849.854 111.92 999.48
850.098 965.72 245.43
850.342 561.14 390.09
850.586 701.13 802.45
850.83 928.83 540.27
851.074 435.08 115.49
851.318 903.75 587.89
851.562 109.56 992.74
851.807 371.12 446.64
852.051 455.26 280.62
852.295 397.73 131.06
852.539 709.26 586.48
852.783 130.5 874.41
853.027 167.5 611.97
853.271 541.42 413.1
853.516 412.58 718.76
853.76 127.72 653.35
854.004 43.44 541.82
854.248 507.8 688.86
854.492 392.65 908.09
854.736 187.11 600.15
854.98 188.04 991.25
855.225 983.99 90.86
855.469 701.02 461.12
855.713 741.74 518.64
855.957 649.7 156.29
856.201 906.29 139.47
856.445 177.41 522.49
856.689 134.46 200.31
856.934 613.41 508.43
857.178 227.19 675.88
857.422 492.75 189.51
857.666 894.86 354.91
857.91 207.29 699.72
858.154 607.81 402.66
858.398 2.81 763.46
858.643 754.71 794.92
858.887 49.3 354.38
859.131 815.5 902.23
859.375 420.87 913.85
859.619 233.66 720.77
859.863 23.76 234.09
860.107 756.58 139.95
860.352 503.78 201.17
860.596 709.6 891.04
860.84 730.45 117.2
861.084 470.23 100.32
861.328 618.75 223.2
861.572 922.92 365.09
861.816 767.75 989.57
862.061 753.03 694.26
862.305 652.7 934.09
862.549 288.47 671.27
862.793 573.5 865.53
863.037 779.38 103.97
863.281 824.74 157.89
863.525 391.98 13.04
863.77 316.51 848.51
864.014 213.2 148.57
864.258 203.13 820.29
864.502 101.01 86.33
864.746 350.17 97.1
864.99 320.31 571.25
865.234 936.34 132.44
865.479 122.01 406.75
865.723 101.01 867.62
865.967 801.71 38.57
866.211 709.84 753.72
866.455 619.25 253.7
866.699 521.19 446.86
866.943 604.75 562.15
867.188 738.71 509.46
867.432 521.49 160.25
867.676 472.34 55.22
867.92 875.51 898.21
868.164 984.54 839
868.408 936.1 140.05
868.652 711.3 498.23
868.896 630.68 419.93
869.141 826.69 811.16
869.385 842.3 752.69
869.629 954.78 91.22
869.873 8.46 807.53
870.117 61.23 828.14
870.361 275 791.23
870.605 353.38 745.95
870.85 255.41 43.27
871.094 367.05 92.09
871.338 310.83 776.9
871.582 675.11 839.39
871.826 678.39 349.87
872.07 489.92 823.18
872.314 321.41 778.02
872.559 197.95 364.74
872.803 175.9 115.61
873.047 31.83 188.16
873.291 442.91 18.21
873.535 989.26 986.61
873.779 814.76 451.37
874.023 242.61 50.5
874.268 796.45 253.28
874.512 460.08 759.51
874.756 15.13 215.38
875 992.28 990.65
875.244 830.04 325.96
875.488 675.83 830.91
875.732 817.61 671.96
875.977 613.5 329.27
876.221 694.01 302.55
876.465 418.16 811.45
876.709 163.14 33.44
876.953 215.17 449.99
877.197 600.13 606.05
877.441 57.42 204.43
877.686 254.93 578.41
877.93 995.21 463.55
878.174 386.59 214.9
878.418 430.28 618.81
878.662 609.46 401.72
878.906 891.2 586.08
879.15 580.52 603.03
879.395 274.99 730.56
879.639 59.83 398.13
879.883 864.2 52.01
880.127 863.46 917.37
880.371 950.81 282.37
880.615 895.88 190.12
880.859 796.17 165.98
881.104 370.41 659.53
881.348 237.94 17.12
881.592 644.19 788.87
881.836 167.29 396.68
882.08 15.49 30.78
882.324 596.02 597.58
882.568 347.18 624.96
882.812 227.99 487.23
883.057 381.31 91.22
883.301 652.88 666.5
883.545 718.51 604.66
883.789 522.03 517.08
884.033 962.97 745.49
884.277 935.62 636.36
884.521 965.86 22.38
884.766 681.91 895.31
885.01 912.43 336.28
885.254 288.67 83.38
885.498 643.58 556.63
885.742 750.93 455.96
885.986 217.06 659.07
886.23 447.55 346.96
886.475 997.71 727.77
886.719 818.99 675.54
886.963 505.56 379.02
887.207 983.68 471.87
887.451 152.48 387.59
887.695 133.09 669.24
887.939 305.6 115.45
888.184 137.83 232.23
888.428 127.54 434.99
888.672 934.79 983.27
888.916 230.17 203.5
889.16 760.13 223.46
889.404 842.94 873.75
889.648 696.34 674.58
889.893 21.54 223.53
890.137 951.3 143.9
890.381 982.96 19.25
890.625 398.27 933.81
890.869 405.69 488.53
891.113 39.64 545.48
891.357 214.72 558.17
891.602 837.14 172.73
891.846 568.48 683.84
892.09 118.83 138.5
892.334 121.77 859.55
892.578 63.05 217.14
892.822 440.6 515.46
893.066 389.21 986.7
893.311 661.28 447.07
893.555 670.6 85.55
893.799 392.97 682.83
894.043 865.6 621.9
894.287 555.71 375.94
894.531 27.99 427.4
894.775 972.88 124.92
895.02 846.61 67.63
895.264 403.89 351.12
895.508 198.48 683.76
895.752 985.78 972.37
895.996 831.92 480.84
896.24 697.98 271.07
896.484 786.53 58.49
896.729 45.19 302.11
896.973 749.18 339.26
897.217 588.33 706.48
897.461 552.83 419.78
897.705 41.68 981.31
897.949 357.25 418.43
898.193 845.83 760.91
898.438 885.84 548.76
898.682 616.39 982.23
898.926 496.87 895.97
899.17 743.25 183.8
899.414 156.18 695.36
899.658 176.2 729.03
899.902 0.1 151.62
900.146 210.12 37.7
900.391 339.81 786.63
900.635 289.41 418.83
900.879 125.31 88.99
901.123 508.77 877.75
901.367 859.06 841.66
901.611 260.1 713.97
901.855 638.41 379.83
902.1 928.59 269.45
902.344 415.21 687.77
902.588 583.74 708.5
902.832 55.83 912.08
903.076 607.44 327
903.32 56.03 375.53
903.564 527.15 947.16
903.809 984.87 219.66
904.053 169.81 900.79
904.297 319.63 488.2
904.541 740.72 459.23
904.785 336.98 608.46
905.029 450.13 413.01
905.273 126.99 359.56
905.518 739.39 873.75
905.762 306.72 928.92
906.006 616.69 831.5
906.25 703.52 721.93
906.494 797.54 200.43
906.738 690.95 759.35
906.982 134.88 404.98
907.227 515.67 910.51
907.471 130.17 825.56
907.715 726.35 664.06
907.959 152.26 299.98
908.203 759.21 209.5
908.447 981.49 892.98
908.691 306 96.19
908.936 619.27 595.14
909.18 632.41 596.51
909.424 525.43 358.66
909.668 353.68 102.65
909.912 988.11 305.64
910.156 669.59 57.21
910.4 980.08 785.65
910.645 354.15 360.55
910.889 271.06 114.97
911.133 940.53 869.82
911.377 697.4 564.75
911.621 28.25 830.4
911.865 203.43 13.19
912.109 906.17 787.47
912.354 47.18 184.92
912.598 943.58 375.69
912.842 135.72 666.46
913.086 188.64 575.99
913.33 678.64 824.67
913.574 293.83 542.33
913.818 763.06 666.75
914.062 615.92 963.43
914.307 323.98 743.14
914.551 21.63 970.08
914.795 3.42 758.56
915.039 486.83 125.68
915.283 119.61 700.83
915.527 714.02 515.08
915.771 466.07 323.04
916.016 671.48 783.71
916.26 322.93 676.78
916.504 343.24 615.06
916.748 354.57 622.17
916.992 446.85 695.4
917.236 401.25 33.21
917.48 863.49 740.68
917.725 704.11 327.83
917.969 234.5 479.41
918.213 449.49 191.61
918.457 113.69 256.13
918.701 545.34 452.92
918.945 317.27 600.52
919.189 115.61 664.95
919.434 987.99 31.29
919.678 978.52 581.68
919.922 258.46 822.99
920.166 601.57 301.45
920.41 923.63 765.22
920.654 624.15 956.14
920.898 152.87 534
921.143 438.2 25.4
921.387 353.24 16.36
921.631 659.3 142.32
921.875 497.45 587.74
922.119 7.39 108.79
922.363 725.23 611.15
922.607 211.67 552.73
922.852 217.68 206.02
923.096 237.31 490.8
923.34 72.49 369.19
923.584 355.7 379.36
923.828 680.81 494.47
924.072 259.7 957.27
924.316 913.41 767.96
924.561 301.96 883.85
924.805 72.77 66.29
925.049 246.17 740.17
925.293 46.01 426.01
925.537 177.27 905.47
925.781 177.79 706.98
926.025 318.13 184.67
926.27 900.92 66.54
926.514 272.57 693.33
926.758 184.13 282.13
927.002 651.32 673.4
927.246 52.76 420.14
927.49 914.62 7.03
927.734 127.82 897.1
927.979 665.06 174.32
928.223 221.69 41.24
928.467 271.05 130.55
928.711 870.72 294.46
928.955 884 517.22
929.199 422.7 80.25
929.443 787.23 224.79
929.688 572.98 600.49
929.932 830.55 268.89
930.176 962.22 473.91
930.42 756.04 103.12
930.664 940.05 309.87
930.908 730.02 570.88
931.152 741.43 992.81
931.396 53.43 644.64
931.641 982.48 869.26
931.885 910.5 718.5
932.129 12.57 204.17
932.373 662.15 345.07
932.617 862.29 883.29
932.861 127.06 709.67
933.105 934.47 284.99
933.35 49 914.29
933.594 346.7 507.45
933.838 144.88 879.56
934.082 146.2 308.92
934.326 618.8 64.44
934.57 635.33 249.77
934.814 242.59 512.34
935.059 156.98 376.76
935.303 409.54 459.54
935.547 341.56 139.46
935.791 507.15 483.56
936.035 828.63 354.13
936.279 400.94 332.82
936.523 206.02 690.93
936.768 139.44 528
937.012 605.82 140.49
937.256 811.46 351.97
937.5 395.05 952.52
937.744 261.45 956.35
937.988 20.79 541.25
938.232 791.03 43.77
938.477 556.11 819.64
938.721 359.93 197.14
938.965 820.2 876.61
939.209 179.59 769.47
939.453 253.04 161.77
939.697 515.9 850.26
939.941 346.6 245.19
940.186 936.12 916.85
940.43 444.85 552.62
940.674 693.11 239.09
940.918 591.06 50.67
941.162 3.2 668.1
941.406 787.97 986.11
941.65 690.88 428.17
941.895 635.46 972.28
942.139 791.93 481.91
942.383 842.57 355.09
942.627 231.7 151.86
942.871 84.85 662.78
943.115 988.07 411.29
943.359 425.07 501.41
943.604 746.61 503.97
943.848 584.34 771.67
944.092 324.3 682.73
944.336 921.82 192.72
944.58 406.91 180.93
944.824 849.03 676.4
945.068 662.51 573.63
945.312 1.8 637
945.557 609.29 353.4
945.801 998.83 800.78
946.045 155.87 564.74
946.289 716.6 841.41
946.533 667.71 551.09
946.777 125.9 801.45
947.021 466.39 655.78
947.266 323.27 550.97
947.51 322.65 213
947.754 59.25 907.62
947.998 100.34 810.47
948.242 991.4 144.6
948.486 821 507.25
948.73 80.89 840.44
948.975 640.96 483.52
949.219 836.92 246.21
949.463 210.52 413.77
949.707 978.51 835.75
949.951 840.68 366.39
950.195 917.49 858.63
950.439 823.61 671.91
950.684 491.21 43.39
950.928 594.37 290
951.172 503 814.49
951.416 885.63 80.54
951.66 891.01 562.25
951.904 706.85 149.49
952.148 820.26 882.41
952.393 886.37 527.86
952.637 174.9 64.67
952.881 310.89 690.86
953.125 104.63 11.82
953.369 11.09 521.41
953.613 51.32 246.67
953.857 105.3 15.3
954.102 687.21 968.81
954.346 175.73 928.91
954.59 382.43 341.95
954.834 156.44 933.62
955.078 14.16 885.43
955.322 611.21 205.59
955.566 355.08 68.69
955.811 951.1 481.58
956.055 9.44 175.34
956.299 240.02 1
956.543 691.86 184.34
956.787 359.68 714.43
957.031 399.36 796.49
957.275 206.68 534.3
957.52 549.6 614.2
957.764 583.02 311.99
958.008 404.42 400.33
958.252 742.28 922.27
958.496 855.89 786.86
958.74 672.29 898.72
958.984 267.83 33.57
959.229 102.26 447.02
959.473 928.61 622.91
959.717 798.26 216.88
959.961 217.88 101.57
960.205 449.44 201.8
960.449 79.75 73.26
960.693 33.28 809.12
960.938 506.94 479.11
961.182 93.31 239.96
961.426 551.95 56.54
961.67 456.88 839.85
961.914 925.64 956.38
962.158 743.24 199.16
962.402 261.41 945.05
962.646 978.62 579.05
962.891 26.08 529.24
963.135 315.68 244.4
963.379 461.29 118.21
963.623 219.78 277.46
963.867 479.26 842.69
964.111 915.96 669.22
964.355 641.87 722.53
964.6 201.64 949.24
964.844 352.72 148.81
965.088 368.88 458.47
965.332 461.85 904.68
965.576 24.58 825.76
965.82 188.44 387.49
966.064 332.55 931.34
966.309 673.91 613.37
966.553 306.14 474.69
966.797 719.1 863.51
967.041 981.72 785.34
967.285 62.8 180.39
967.529 186.6 201.51
967.773 34.25 705.58
968.018 428.11 102.56
968.262 215.32 676.12
968.506 988.46 793.27
968.75 251.74 731.57
968.994 799.77 357.34
969.238 346.62 877.11
969.482 428.13 824.35
969.727 919.21 535.06
969.971 311.96 760.68
970.215 235.37 593.12
970.459 456.64 781.62
970.703 566.96 117.99
970.947 461.9 601.88
971.191 803.39 629.76
971.436 498.86 648.51
971.68 914.59 1.17
971.924 677.29 926.97
972.168 720.24 293.44
972.412 25.01 829.27
972.656 186.61 135.5
972.9 176.14 824.78
973.145 649.13 533.23
973.389 231.82 604.27
973.633 364.95 731.86
973.877 324.98 707.3
974.121 488.92 763.84
974.365 45.36 945.14
974.609 547.03 55.88
974.854 849.16 507.26
975.098 155.77 513.94
975.342 515.11 348.02
975.586 438.51 70.37
975.83 363.81 355.93
976.074 185.2 322.27
976.318 621.29 388.82
976.562 377.12 371.82
976.807 68.57 797.43
977.051 401.7 189.77
977.295 921.63 300.39
977.539 7.69 930.17
977.783 857.54 410.13
978.027 355.28 660.13
978.271 879.53 902.9
978.516 410.16 902.31
978.76 579.77 728.69
979.004 240.23 729.46
979.248 963.35 94.89
979.492 450.82 842.26
979.736 164.53 327.16
979.98 879.5 799.54
980.225 171.36 949.35
980.469 746.78 420.14
980.713 609.91 403.46
980.957 703.85 312.01
981.201 405.7 531.54
981.445 941.67 875.07
981.689 535.2 426.76
981.934 493.18 460.47
982.178 526.3 414.74
982.422 306.95 66.87
982.666 796.33 106.08
982.91 200.97 710.71
983.154 552.97 759.68
983.398 250.36 815.31
983.643 614.85 881.03
983.887 830.38 293.38
984.131 713.52 949.74
984.375 353.2 740.68
984.619 216.21 323.43
984.863 854.97 220.57
985.107 259.16 785.44
985.352 212.2 960.16
985.596 420.64 957.89
985.84 536.15 705.39
986.084 772.26 946.94
986.328 216.54 6.62
986.572 717.33 732.11
986.816 491.79 581.03
987.061 396.34 433.83
987.305 314.86 742.15
987.549 199.05 174.72
987.793 124.46 308.76
988.037 212.96 912.57
988.281 236 641.18
988.525 25.27 429.18
988.77 214.62 254.49
989.014 214.65 284.44
989.258 242.33 590.34
989.502 295.73 798.81
989.746 909.28 942
989.99 948.62 231.51
990.234 963.62 125.82
990.479 706.86 665.96
990.723 263.31 455.41
990.967 361.08 266.72
991.211 441.44 741.69
991.455 50.45 560.13
991.699 472.7 729.42
991.943 370.6 426.93
992.188 19.63 872.22
992.432 290.23 395.88
992.676 843.84 397.77
992.92 988.12 504.89
993.164 467.22 249.69
993.408 191.69 447.37
993.652 678.89 540.02
993.896 665.85 140.31
994.141 969.79 642.51
994.385 97.93 536.23
994.629 966.47 233.1
994.873 974.79 622.53
995.117 346.19 407.92
995.361 137.34 188.76
995.605 615.7 982.41
995.85 854.64 671.47
996.094 230.87 635.33
996.338 196.63 144.87
996.582 813.28 74.71
996.826 324.4 184.75
997.07 632.12 444.03
997.314 984.05 679.61
997.559 819.92 311.01
997.803 953.53 813.42
998.047 513.17 953.24
998.291 349.86 214.98
998.535 1.03 479.65
998.779 51.09 324.66
999.023 676.94 347.22
999.268 493.16 351.95
999.512 23.42 456.16
999.756 255.02 511.32
